0 0
1000 1
2000 2
3000 1
4000 0
5000 1
6000 1
7000 2
8000 1
9000 1
10000 2
11000 2
12000 2
13000 2
14000 2
15000 2
16000 2
17000 2
18000 3
19000 2
20000 3
21000 2
22000 3
23000 2
24000 3
25000 3
26000 3
27000 3
28000 2
29000 2
30000 2
31000 2
32000 2
33000 3
34000 2
35000 2
36000 3
37000 2
38000 3
39000 3
40000 2
41000 3
42000 3
43000 3
44000 3
45000 3
46000 3
47000 3
48000 3
49000 4
50000 4
51000 3
52000 4
53000 3
54000 4
55000 18
56000 3
57000 4
58000 5
59000 4
60000 4
61000 4
62000 4
63000 5
64000 5
65000 5
66000 4
67000 5
68000 5
69000 5
70000 7
71000 5
72000 5
73000 5
74000 6
75000 5
76000 6
77000 6
78000 5
79000 6
80000 6
81000 6
82000 7
83000 6
84000 6
85000 6
86000 7
87000 7
88000 6
89000 7
90000 6
91000 7
92000 7
93000 7
94000 7
95000 7
96000 8
97000 8
98000 7
99000 8
100000 8
101000 8
102000 8
103000 8
104000 8
105000 8
106000 9
107000 8
108000 9
109000 10
110000 9
111000 8
112000 9
113000 11
114000 9
115000 10
116000 9
117000 9
118000 9
119000 10
120000 10
121000 9
122000 10
123000 10
124000 10
125000 10
126000 10
127000 12
128000 11
129000 12
130000 11
131000 11
132000 13
133000 11
134000 11
135000 14
136000 12
137000 11
138000 12
139000 11
140000 13
141000 12
142000 12
143000 12
144000 13
145000 12
146000 13
147000 12
148000 13
149000 13
150000 12
151000 14
152000 12
153000 13
154000 13
155000 14
156000 15
157000 14
158000 13
159000 14
160000 13
161000 14
162000 14
163000 14
164000 16
165000 15
166000 14
167000 14
168000 15
169000 24
170000 14
171000 14
172000 14
173000 14
174000 15
175000 15
176000 15
177000 14
178000 15
179000 15
180000 15
181000 15
182000 15
183000 16
184000 15
185000 16
186000 15
187000 17
188000 15
189000 16
190000 16
191000 16
192000 16
193000 16
194000 16
195000 16
196000 17
197000 16
198000 17
199000 16
200000 18
201000 16
202000 19
203000 18
204000 17
205000 18
206000 17
207000 19
208000 17
209000 19
210000 17
211000 19
212000 18
213000 21
214000 21
215000 21
216000 19
217000 18
218000 21
219000 20
220000 18
221000 20
222000 18
223000 19
224000 19
225000 20
226000 19
227000 19
228000 20
229000 19
230000 20
231000 19
232000 20
233000 20
234000 23
235000 21
236000 20
237000 19
238000 21
239000 20
240000 21
241000 20
242000 21
243000 21
244000 21
245000 20
246000 21
247000 21
248000 22
249000 21
250000 21
251000 22
252000 29
253000 21
254000 22
255000 23
256000 22
257000 22
258000 22
259000 22
260000 23
261000 23
262000 26
263000 21
264000 23
265000 23
266000 23
267000 23
268000 23
269000 26
270000 25
271000 23
272000 24
273000 23
274000 24
275000 24
276000 23
277000 24
278000 24
279000 25
280000 23
281000 25
282000 24
283000 24
284000 27
285000 26
286000 25
287000 27
288000 25
289000 25
290000 25
291000 25
292000 25
293000 26
294000 25
295000 26
296000 25
297000 26
298000 26
299000 26
300000 26
301000 26
302000 26
303000 27
304000 26
305000 26
306000 26
307000 27
308000 27
309000 26
310000 31
311000 27
312000 27
313000 28
314000 28
315000 27
316000 27
317000 27
318000 28
319000 28
320000 28
321000 28
322000 28
323000 27
324000 27
325000 28
326000 28
327000 29
328000 28
329000 28
330000 28
331000 34
332000 30
333000 30
334000 30
335000 30
336000 30
337000 31
338000 30
339000 30
340000 30
341000 31
342000 30
343000 31
344000 31
345000 31
346000 31
347000 31
348000 31
349000 32
350000 34
351000 36
352000 31
353000 32
354000 32
355000 32
356000 32
357000 32
358000 32
359000 32
360000 32
361000 32
362000 32
363000 33
364000 32
365000 33
366000 33
367000 33
368000 33
369000 36
370000 34
371000 34
372000 33
373000 33
374000 34
375000 33
376000 34
377000 34
378000 34
379000 35
380000 34
381000 34
382000 34
383000 35
384000 34
385000 35
386000 34
387000 38
388000 35
389000 35
390000 35
391000 51
392000 43
393000 44
394000 35
395000 35
396000 35
397000 35
398000 35
399000 35
400000 36
401000 35
402000 36
403000 38
404000 37
405000 36
406000 36
407000 36
408000 36
409000 36
410000 36
411000 37
412000 37
413000 37
414000 38
415000 38
416000 37
417000 38
418000 39
419000 40
420000 39
421000 38
422000 39
423000 38
424000 38
425000 39
426000 38
427000 39
428000 38
429000 39
430000 39
431000 38
432000 38
433000 38
434000 37
435000 40
436000 38
437000 38
438000 37
439000 38
440000 38
441000 39
442000 38
443000 38
444000 38
445000 38
446000 39
447000 38
448000 39
449000 39
450000 42
451000 39
452000 42
453000 40
454000 44
455000 40
456000 40
457000 47
458000 41
459000 41
460000 50
461000 48
462000 40
463000 43
464000 48
465000 53
466000 41
467000 40
468000 41
469000 43
470000 44
471000 41
472000 45
473000 42
474000 41
475000 62
476000 59
477000 66
478000 62
479000 59
480000 57
481000 61
482000 55
483000 55
484000 54
485000 65
486000 50
487000 57
488000 55
489000 53
490000 51
491000 58
492000 55
493000 48
494000 48
495000 46
496000 48
497000 48
498000 48
499000 47
500000 45
501000 44
502000 45
503000 44
504000 46
505000 45
506000 45
507000 45
508000 45
509000 53
510000 45
511000 46
512000 47
513000 47
514000 46
515000 46
516000 46
517000 46
518000 46
519000 46
520000 47
521000 50
522000 47
523000 46
524000 47
525000 51
526000 48
527000 47
528000 46
529000 47
530000 47
531000 47
532000 47
533000 47
534000 48
535000 47
536000 48
537000 48
538000 51
539000 48
540000 48
541000 48
542000 48
543000 49
544000 48
545000 49
546000 48
547000 49
548000 49
549000 49
550000 51
551000 49
552000 49
553000 49
554000 49
555000 50
556000 52
557000 51
558000 53
559000 50
560000 50
561000 53
562000 53
563000 52
564000 52
565000 51
566000 56
567000 50
568000 51
569000 68
570000 56
571000 76
572000 68
573000 52
574000 54
575000 53
576000 53
577000 54
578000 53
579000 63
580000 63
581000 53
582000 53
583000 53
584000 54
585000 52
586000 93
587000 73
588000 55
589000 55
590000 65
591000 56
592000 53
593000 53
594000 54
595000 53
596000 56
597000 62
598000 57
599000 55
600000 56
601000 55
602000 55
603000 86
604000 92
605000 84
606000 82
607000 83
608000 82
609000 87
610000 85
611000 111
612000 110
613000 100
614000 90
615000 121
616000 119
617000 121
618000 104
619000 90
620000 104
621000 93
622000 92
623000 114
624000 113
625000 113
626000 108
627000 96
628000 86
629000 83
630000 84
631000 85
632000 89
633000 116
634000 112
635000 89
636000 82
637000 88
638000 76
639000 95
640000 114
641000 121
642000 114
643000 72
644000 70
645000 68
646000 62
647000 66
648000 68
649000 61
650000 66
651000 66
652000 61
653000 96
654000 150
655000 123
656000 117
657000 89
658000 68
659000 66
660000 69
661000 68
662000 95
663000 76
664000 109
665000 113
666000 97
667000 94
668000 86
669000 76
670000 89
671000 107
672000 94
673000 95
674000 125
675000 113
676000 106
677000 114
678000 114
679000 124
680000 112
681000 105
682000 102
683000 97
684000 100
685000 89
686000 87
687000 87
688000 86
689000 82
690000 92
691000 91
692000 98
693000 97
694000 98
695000 97
696000 94
697000 102
698000 108
699000 106
700000 103
701000 94
702000 100
703000 100
704000 103
705000 96
706000 98
707000 106
708000 98
709000 103
710000 103
711000 99
712000 103
713000 104
714000 103
715000 108
716000 100
717000 107
718000 105
719000 99
720000 102
721000 98
722000 104
723000 105
724000 93
725000 104
726000 109
727000 122
728000 108
729000 112
730000 110
731000 99
732000 82
733000 106
734000 140
735000 103
736000 106
737000 107
738000 107
739000 115
740000 114
741000 111
742000 111
743000 111
744000 108
745000 102
746000 91
747000 94
748000 104
749000 102
750000 97
751000 98
752000 126
753000 110
754000 110
755000 100
756000 129
757000 131
758000 101
759000 105
760000 97
761000 95
762000 99
763000 110
764000 107
765000 110
766000 101
767000 113
768000 105
769000 104
770000 106
771000 98
772000 102
773000 104
774000 100
775000 104
776000 101
777000 117
778000 95
779000 102
780000 102
781000 99
782000 106
783000 104
784000 105
785000 103
786000 103
787000 102
788000 100
789000 114
790000 100
791000 109
792000 103
793000 101
794000 108
795000 93
796000 104
797000 104
798000 105
799000 100
800000 101
801000 106
802000 99
803000 100
804000 101
805000 109
806000 103
807000 99
808000 97
809000 114
810000 121
811000 111
812000 106
813000 113
814000 110
815000 112
816000 112
817000 108
818000 105
819000 106
820000 120
821000 127
822000 109
823000 107
824000 111
825000 106
826000 110
827000 107
828000 108
829000 117
830000 113
831000 103
832000 110
833000 127
834000 128
835000 135
836000 140
837000 126
838000 137
839000 136
840000 133
841000 136
842000 132
843000 137
844000 133
845000 135
846000 138
847000 132
848000 138
849000 122
850000 134
851000 138
852000 135
853000 137
854000 137
855000 134
856000 132
857000 133
858000 138
859000 135
860000 138
861000 138
862000 141
863000 137
864000 136
865000 140
866000 137
867000 136
868000 140
869000 143
870000 137
871000 138
872000 140
873000 140
874000 136
875000 143
876000 143
877000 138
878000 143
879000 146
880000 136
881000 117
882000 121
883000 122
884000 114
885000 120
886000 114
887000 120
888000 114
889000 120
890000 115
891000 120
892000 115
893000 132
894000 135
895000 119
896000 112
897000 109
898000 124
899000 104
900000 112
901000 108
902000 112
903000 113
904000 112
