0 1.0
1000 3.3230452674897117
2000 3.5992268041237114
3000 3.7737430167597767
4000 3.9107835531419703
5000 3.981208053691275
6000 4.075721153846154
7000 4.135547087642896
8000 4.1935960591133
9000 4.224921277552856
10000 4.251375370292002
11000 4.277278060226828
12000 4.300804093567251
13000 4.335899230230931
14000 4.360535117056856
15000 4.394770408163265
16000 4.411056207535516
17000 4.425825825825826
18000 4.447360830689357
19000 4.461624964858027
20000 4.488900920411478
21000 4.503299023489047
22000 4.5192855293813095
23000 4.522895881299565
24000 4.5434187608857926
25000 4.559350775193798
26000 4.571563981042654
27000 4.585982826641913
28000 4.605819504432826
29000 4.62403186545696
30000 4.637605725439167
31000 4.649372740803742
32000 4.658026755852843
33000 4.673261268611054
34000 4.686427145708583
35000 4.696624803767661
36000 4.704541062801932
37000 4.716711178939336
38000 4.722777882619362
39000 4.731634740561652
40000 4.737707914458052
41000 4.745869252873563
42000 4.757650804882363
43000 4.767063353167658
44000 4.7761322541759945
45000 4.788383152173913
46000 4.794897616649883
47000 4.804210875331565
48000 4.8095004095004095
49000 4.817199096482736
50000 4.822936660268714
51000 4.827996195307546
52000 4.831113896287012
53000 4.835016311946559
54000 4.841878367975366
55000 4.850068357891539
56000 4.8520745640408895
57000 4.859008607895518
58000 4.864357017028773
59000 4.868907318492653
60000 4.874077290490664
61000 4.877870264064294
62000 4.885949943117178
63000 4.889107519325369
64000 4.897728856067995
65000 4.899473829963999
66000 4.905885581012485
67000 4.91265306122449
68000 4.915247364152473
69000 4.922140468227425
70000 4.928912466843501
71000 4.936635489395337
72000 4.940382599580713
73000 4.944842873907941
74000 4.951067961165048
75000 4.957572640781692
76000 4.9612581511315685
77000 4.965267175572519
78000 4.968583734481885
79000 4.9709962168978565
80000 4.975191078812179
81000 4.978683620044877
82000 4.983635011157947
83000 4.987054617186537
84000 4.993265580996694
85000 4.997438399609661
86000 5.000121418164158
87000 5.0055555555555555
88000 5.008521363418147
89000 5.012068347472816
90000 5.0183115338882285
91000 5.022083136513935
92000 5.023485204321277
93000 5.027589431844751
94000 5.0322205420495525
95000 5.034502720852148
96000 5.039825046040516
97000 5.044337789966861
98000 5.047813742191936
99000 5.052137525446732
100000 5.056219017575485
101000 5.057754850285971
102000 5.061299687360429
103000 5.065309301290609
104000 5.067576564580559
105000 5.072731292141041
106000 5.0743719700308505
107000 5.076897762176393
108000 5.077091306724986
109000 5.080148099749537
110000 5.083179698514261
111000 5.086359706009511
112000 5.086895509499136
113000 5.087153001936733
114000 5.091474530831099
115000 5.09196877339322
116000 5.093449967996587
117000 5.095795635976583
118000 5.095941351466213
119000 5.096787872362981
120000 5.102936532996527
121000 5.107674564898302
122000 5.110065851364064
123000 5.112777257107154
124000 5.114386547643762
125000 5.115595570733727
126000 5.118180880684748
127000 5.12109375
128000 5.123334016813615
129000 5.124552246443558
130000 5.126912874923485
131000 5.128687690742624
132000 5.131938125568698
133000 5.133340042266277
134000 5.1401
135000 5.141475573280159
136000 5.144559173947577
137000 5.146945242103179
138000 5.14952070362684
139000 5.1529145332808195
140000 5.156578043755519
141000 5.159248752812286
142000 5.161378236324703
143000 5.16388673390225
144000 5.165699361578642
145000 5.165362696802859
146000 5.165718144111122
147000 5.165928777670837
148000 5.168811215671212
149000 5.170512206797511
150000 5.173879885605339
151000 5.176643861649563
152000 5.179992421371732
153000 5.1834213504337985
154000 5.187441248354954
155000 5.188684556201914
156000 5.192253718776312
157000 5.195897435897436
158000 5.197040208488459
159000 5.200241366505756
160000 5.202869042110134
161000 5.204839305504248
162000 5.208529059592889
163000 5.209524685115381
164000 5.213469798044412
165000 5.213660404887835
166000 5.21448087431694
167000 5.216319129646418
168000 5.221732084983795
169000 5.223778735632184
170000 5.226688102893891
171000 5.2282076395690495
172000 5.2300594445923165
173000 5.235444827281562
174000 5.237717908082409
175000 5.238576449912126
176000 5.23973022685469
177000 5.241523942677386
178000 5.244537303038217
179000 5.245854674884972
180000 5.246861200103905
181000 5.249049429657795
182000 5.250345065562457
183000 5.253076327338439
184000 5.254871662803674
185000 5.2558418214499705
186000 5.25656548431105
187000 5.256059188706523
188000 5.259005000423764
189000 5.260777683854607
190000 5.263574374947386
191000 5.264881202250021
192000 5.265981448984708
193000 5.267577474175275
194000 5.269399950203336
195000 5.272373862696443
196000 5.273687685704853
197000 5.273685076961066
198000 5.27527305576086
199000 5.277641277641278
200000 5.278976622527383
201000 5.279255753223437
202000 5.280211726384365
203000 5.282770927968851
204000 5.28453508133042
205000 5.28625645994832
206000 5.287072856221792
207000 5.289786414003533
208000 5.291596571337019
209000 5.29250939323687
210000 5.29314326670383
211000 5.293113035189451
212000 5.295045580657947
213000 5.2982539306312715
214000 5.3006932409012135
215000 5.302460885289724
216000 5.303696146904183
217000 5.304913408040123
218000 5.304691164972635
219000 5.3071283731087195
220000 5.309301602115415
221000 5.309590316573557
222000 5.310921766072812
223000 5.312949362195593
224000 5.31378751639534
225000 5.316986933128363
226000 5.31639545594105
227000 5.319668990881925
228000 5.3211991434689505
229000 5.321374045801527
230000 5.321670859059379
231000 5.32295630994063
232000 5.3253889943074
233000 5.326065561359679
234000 5.32597687249641
235000 5.328130890447109
236000 5.328842390486226
237000 5.328898910184141
238000 5.329605164389731
239000 5.330057760108019
240000 5.331311769991015
241000 5.332038254632397
242000 5.332464048878623
243000 5.333184490585696
244000 5.3351162617933285
245000 5.335534614528456
246000 5.3362700821796105
247000 5.336316568047337
248000 5.336757315991723
249000 5.337660421891134
250000 5.338564692012968
251000 5.33978368037672
252000 5.340291048067029
253000 5.341164378533147
254000 5.342060872753942
255000 5.342777655758108
256000 5.343304322387186
257000 5.344117432264661
258000 5.345814817512931
259000 5.347544561658785
260000 5.3486125236088915
261000 5.350253807106599
262000 5.351183153629061
263000 5.351589595375723
264000 5.351059230436662
265000 5.351619870410367
266000 5.35180254731237
267000 5.35316492033874
268000 5.354406816066442
269000 5.354513615895933
270000 5.355828220858895
271000 5.35629809062411
272000 5.357300334257876
273000 5.3586701712012506
274000 5.360195619817138
275000 5.3620091970286525
276000 5.362774909836645
277000 5.364265536723164
278000 5.36553911205074
279000 5.366054464851172
280000 5.366631541974008
281000 5.36763468013468
282000 5.369942601147977
283000 5.37267645003494
284000 5.373630208696866
285000 5.37420704078076
286000 5.376086805314043
287000 5.377127770443966
288000 5.377635960044395
289000 5.378316591617596
290000 5.379522656520235
291000 5.380004148516905
292000 5.381156316916488
293000 5.381882158134401
294000 5.382669240314352
295000 5.383031471661731
296000 5.384462014437951
297000 5.385058654044042
298000 5.385542994176087
299000 5.386809878908121
300000 5.388255377261864
301000 5.388816911012615
302000 5.390064647839401
303000 5.390938115617145
304000 5.392319174921971
305000 5.39325157530998
306000 5.3939229884279625
307000 5.395551649540292
308000 5.395567268058652
309000 5.396502835538753
310000 5.397573306370071
311000 5.397911754799596
312000 5.398534158149543
313000 5.399369804237061
314000 5.399906298105883
315000 5.40032057703867
316000 5.4017583588650595
317000 5.402727877578177
318000 5.403029699023321
319000 5.404047777040478
320000 5.405448399284152
321000 5.4061858401218625
322000 5.406407201482658
323000 5.407302070242741
324000 5.4091539528432735
325000 5.410413779449614
326000 5.410709575309944
327000 5.411938923259181
328000 5.413874655104454
329000 5.4149061802913
330000 5.4153342070773265
331000 5.417315620705451
332000 5.418545383258184
333000 5.4196411092985315
334000 5.42073369388154
335000 5.421627952371657
336000 5.421271616174749
337000 5.422139933736114
338000 5.422347747045838
339000 5.422834901070386
340000 5.424507516848108
341000 5.425121398510845
342000 5.4251663329242295
343000 5.425316292279886
344000 5.426545477986205
345000 5.427284427284428
346000 5.427671338562428
347000 5.427461306274485
348000 5.427608779360801
349000 5.428250833547064
350000 5.429294547318511
351000 5.429577464788732
352000 5.430425055928412
353000 5.431945863125638
354000 5.433360953534323
355000 5.4343260786559755
356000 5.434085850556439
357000 5.435055865921788
358000 5.435684384117722
359000 5.436090701798834
360000 5.436290016449449
361000 5.436469324571934
362000 5.4369122009720385
363000 5.437531517902168
364000 5.4377282458128695
365000 5.439022858578246
366000 5.439189612996299
367000 5.439566633266533
368000 5.440057564760355
369000 5.440694913135858
370000 5.44171243135297
371000 5.44236643600773
372000 5.442811780088413
373000 5.4437259047382165
374000 5.4444030314324765
375000 5.44454094292804
376000 5.4449953517198635
377000 5.446747942323164
378000 5.447020276953511
379000 5.447722503394643
380000 5.447407316171942
381000 5.447737333989179
382000 5.448121316306484
383000 5.448802009927079
384000 5.448900863388648
385000 5.4489820871798
386000 5.449825932938374
387000 5.4511191071537475
388000 5.452579643052933
389000 5.452830188679245
390000 5.454081322555157
391000 5.45409278600923
392000 5.4548929199781595
393000 5.455113050857732
394000 5.455872554364286
395000 5.457708131655373
396000 5.458071532141131
397000 5.458785903934347
398000 5.459894014211731
399000 5.460293586812658
400000 5.461875863726491
401000 5.463280220438481
402000 5.464061284337782
403000 5.46524415755185
404000 5.465495608531995
405000 5.46565204416592
406000 5.465931445603577
407000 5.466372788467266
408000 5.4666349187451635
409000 5.467538644470868
410000 5.468534789836143
411000 5.4688779445796
412000 5.46957037037037
413000 5.470661377227781
414000 5.471336449151038
415000 5.47148850676594
416000 5.471813942506346
417000 5.4730327144120245
418000 5.473408327934507
419000 5.473848326175207
420000 5.4749588525746535
421000 5.47586611861421
422000 5.476444705192138
423000 5.477392526648706
424000 5.478037082529099
425000 5.47784312583707
426000 5.47846305876882
427000 5.478892050403577
428000 5.479022805083271
429000 5.4811380888914645
430000 5.481966645507531
431000 5.4831920659632125
432000 5.483809633556119
433000 5.484544983595234
434000 5.484905985854753
435000 5.485205400746912
436000 5.484685098084204
437000 5.485336235536717
438000 5.485809109636072
439000 5.486461784531018
440000 5.486676176890157
441000 5.48714440453794
442000 5.487164892708749
443000 5.488317889830027
444000 5.488524031360073
445000 5.4886137770458285
446000 5.489645390070922
447000 5.490505073408537
448000 5.491304594119979
449000 5.492132669232511
450000 5.492363389523701
451000 5.493105007347124
452000 5.493391323994578
453000 5.494723178508945
454000 5.494895369169158
455000 5.495209108330515
456000 5.4960004506534474
457000 5.495748155656924
458000 5.496059002364599
459000 5.496344206974128
460000 5.496935964468432
461000 5.497753313862053
462000 5.498681331013972
463000 5.49899069193675
464000 5.499747828523396
465000 5.5010349650349655
466000 5.501286209596242
467000 5.501619930733996
468000 5.501646664806028
469000 5.502063580591188
470000 5.503203521087526
471000 5.504448893337782
472000 5.5048905190619095
473000 5.505997334517992
474000 5.5062447960033305
475000 5.507565260765948
476000 5.508442672867187
477000 5.508705024042447
478000 5.508804857852608
479000 5.508853218600033
480000 5.508985667034179
481000 5.509637625289129
482000 5.510124353471993
483000 5.510467608110336
484000 5.5096834366599
485000 5.5103349964362085
486000 5.5109869033919665
487000 5.511201183107849
488000 5.511336254107339
489000 5.511851973504133
490000 5.512625710537822
491000 5.512141882673943
492000 5.512345342562817
493000 5.5123782577942215
494000 5.5121990979731565
495000 5.511946133796698
496000 5.512563086774842
497000 5.512962360342771
498000 5.513498861541797
499000 5.514078405891271
500000 5.513738641280831
501000 5.513728245595071
502000 5.513855128828391
503000 5.513872395552197
504000 5.5141084434852985
505000 5.5148754985447885
506000 5.516130766749113
507000 5.516097823165816
508000 5.516354261775605
509000 5.516260598905227
510000 5.516758727945514
511000 5.516775645835566
512000 5.517254293510246
513000 5.517184242877759
514000 5.517646430669016
515000 5.518386081016171
516000 5.519302548789591
517000 5.519211297628564
518000 5.5201192250372575
519000 5.520048925760476
520000 5.520401657634682
521000 5.520760327068069
522000 5.521012416427889
523000 5.521941912232351
524000 5.521845045808399
525000 5.522256920552586
526000 5.52267315730991
527000 5.523084245597334
528000 5.523406953397442
529000 5.524501003273841
530000 5.524937984905262
531000 5.5252690441021315
532000 5.525541673256366
533000 5.525824812901866
534000 5.525994205952068
535000 5.5270248934266615
536000 5.527481197075685
537000 5.528116459953752
538000 5.528104643832738
539000 5.529244985823795
540000 5.529393239554903
541000 5.529991610738255
542000 5.530505367897355
543000 5.531464141863263
544000 5.531936023416266
545000 5.533211488250653
546000 5.534001356922916
547000 5.534223706176961
548000 5.534675148607779
549000 5.535154010527962
550000 5.53557662256485
551000 5.536234902124115
552000 5.536608211479419
553000 5.537185354691076
554000 5.53717762063228
555000 5.537909889310399
556000 5.538565418376357
557000 5.538952613276587
558000 5.5390243902439025
559000 5.538960029032091
560000 5.5391989222239495
561000 5.53965293965294
562000 5.540130488815245
563000 5.5409742713671895
564000 5.542011589403973
565000 5.5429265519201945
566000 5.542773013741089
567000 5.542871900826446
568000 5.543155069172001
569000 5.543972765255067
570000 5.544025157232705
571000 5.544236615654145
572000 5.544958286126275
573000 5.545875334293355
574000 5.5458984375
575000 5.546215466776214
576000 5.546802832803038
577000 5.546988817071919
578000 5.547626371372911
579000 5.548221789484472
580000 5.548686165036111
581000 5.548935298935299
582000 5.549329648961212
583000 5.549286408511945
584000 5.549567973822793
585000 5.550150733227735
586000 5.55039076467283
587000 5.550666190208791
588000 5.550984995406758
589000 5.551219263340475
590000 5.551550071384867
591000 5.551864683105768
592000 5.552427975160338
593000 5.552187182095626
594000 5.55208174470032
595000 5.551781906792567
596000 5.552467413906781
597000 5.552891682295098
598000 5.553417721518987
599000 5.5540150786823865
600000 5.554431915861859
601000 5.555027791814047
602000 5.555471393223249
603000 5.556519546027743
604000 5.556642298966473
605000 5.5568244704935355
606000 5.556755941912467
607000 5.556286402892147
608000 5.556965835549089
609000 5.5574156683875495
610000 5.5576711093295925
611000 5.55791476789023
612000 5.558752877589831
613000 5.559217765329599
614000 5.559522023898805
615000 5.560279790157382
616000 5.560742996954112
617000 5.561315106765116
618000 5.562104213413114
619000 5.562637034084114
620000 5.562901379001344
621000 5.562941586227486
622000 5.5628108215635566
623000 5.563748385173407
624000 5.564176435525532
625000 5.5646866160488315
626000 5.565952593474164
627000 5.565672085646312
628000 5.565279841505696
629000 5.5655940594059405
630000 5.565772542809067
631000 5.565967757887449
632000 5.566315685402145
633000 5.566982809721399
634000 5.567436808846762
635000 5.56773429403346
636000 5.568223285171853
637000 5.568872899314967
638000 5.569317901994583
639000 5.569762291451351
640000 5.569734835440547
641000 5.569581674285995
642000 5.570031933185949
643000 5.5703550906144095
644000 5.5706500392772975
645000 5.570755642787046
646000 5.571428571428571
647000 5.5720517596314085
648000 5.572457378012934
649000 5.573561811505508
650000 5.573896447097974
651000 5.574161040994032
652000 5.574202700058697
653000 5.5744118941654035
654000 5.57437652811736
655000 5.574689607977319
656000 5.574980461117624
657000 5.575014651299082
658000 5.575445447888699
659000 5.57568068703035
660000 5.576153771099619
661000 5.576555490540277
662000 5.576859343015888
663000 5.57710473779033
664000 5.578020909311938
665000 5.58001360279829
666000 5.580400912488472
667000 5.5804965570749685
668000 5.5811485340441
669000 5.581646489104116
670000 5.581586717653323
671000 5.582196419932269
672000 5.5823500967117985
673000 5.582640634061473
674000 5.582669178379945
675000 5.583160334089702
676000 5.583864118895966
677000 5.58456715698095
678000 5.584731058415269
679000 5.585312966799981
680000 5.585932986712883
681000 5.586945019000433
682000 5.587183308494784
683000 5.588133557530627
684000 5.588438640291915
685000 5.588590893825265
686000 5.588644319762144
687000 5.588962345501581
688000 5.589099435352665
689000 5.589307063268136
690000 5.589519442055986
691000 5.589398280802293
692000 5.590032461332824
693000 5.590245299226878
694000 5.590297653119634
695000 5.590763951770481
696000 5.590601790135213
697000 5.590887472652906
698000 5.591377917201388
699000 5.591718505152191
700000 5.59224452987802
701000 5.592893063858051
702000 5.592828004933119
703000 5.592857820354737
704000 5.593250864969904
705000 5.593291007296504
706000 5.593187417093045
707000 5.593397745571659
708000 5.593680525992148
709000 5.594544766947149
710000 5.595294339979212
711000 5.596233717198414
712000 5.596482127699708
713000 5.597597173144877
714000 5.597739580880622
715000 5.598089052056857
716000 5.5989088514721095
717000 5.599144415193682
718000 5.599614788368488
719000 5.59982166322508
720000 5.600262676485764
721000 5.600975289539082
722000 5.601358950328023
723000 5.601817585609219
724000 5.602312625813398
725000 5.6027416487321045
726000 5.603011315814084
727000 5.603514347135246
728000 5.603970107426436
729000 5.604379698370454
730000 5.604929051530993
731000 5.604918109280948
732000 5.604972246839871
733000 5.605389528649354
734000 5.605723074055087
735000 5.606392396216745
736000 5.606716974100988
737000 5.607087970940251
738000 5.607029795158287
739000 5.606945026299865
740000 5.607074703281359
741000 5.60729743565877
742000 5.607613197449858
743000 5.607769248662479
744000 5.60810936482842
745000 5.608135750813575
746000 5.608291503997026
747000 5.608346112737581
748000 5.608437093477049
749000 5.609091331197474
750000 5.610126229812511
751000 5.610466734712815
752000 5.610817329993506
753000 5.611108535398025
754000 5.611221794931196
755000 5.611051924591227
756000 5.611270605667716
757000 5.6114531734641915
758000 5.611871934857037
759000 5.612176968240026
760000 5.612374087422604
761000 5.61242494226328
762000 5.613098260026769
763000 5.613305037829858
764000 5.613640552995392
765000 5.6132983377077865
766000 5.6134941089838
767000 5.613909203808473
768000 5.613948783963956
769000 5.613723057125787
770000 5.613978692138134
771000 5.614812775330397
772000 5.6151800045861044
773000 5.615483338680845
774000 5.616617808721143
775000 5.616694903612803
776000 5.616785648910855
777000 5.616936590721933
778000 5.617107849860559
779000 5.617714233509958
780000 5.617966751918159
781000 5.618888939608344
782000 5.61926710172044
783000 5.6194972857077685
784000 5.619812095229408
785000 5.61987503990514
786000 5.620133126652686
787000 5.620185075443315
788000 5.620464904284412
789000 5.620377117872108
790000 5.620469859770534
791000 5.620625312883994
792000 5.6207963594994315
793000 5.620837124658781
794000 5.620964074579354
795000 5.6214262988046
796000 5.621819338422392
797000 5.621967838648133
798000 5.622047601744186
799000 5.622372542788396
800000 5.622946355632204
801000 5.623281767454521
802000 5.6233783906377575
803000 5.623492063492064
804000 5.623651038360388
805000 5.623878161544738
806000 5.624263839811543
807000 5.624552823438845
808000 5.6250678978815865
809000 5.625203619909502
810000 5.625231827023115
811000 5.625627345480852
812000 5.626219732562342
813000 5.626456507993858
814000 5.626579992777176
815000 5.62696264212236
816000 5.627548259065488
817000 5.6278398846015145
818000 5.628035867165322
819000 5.628501936762454
820000 5.628917507204611
821000 5.629662961796337
822000 5.629801205361159
823000 5.630185626320284
824000 5.630429899824806
825000 5.630792025862069
826000 5.631198671633084
827000 5.6313097321308385
828000 5.631878728080011
829000 5.632385905137631
830000 5.632953934396845
831000 5.632993014508329
832000 5.633133446701871
833000 5.633109619686801
834000 5.633708970575083
835000 5.633929369691551
836000 5.634544073627306
837000 5.635060294774453
838000 5.635137549124687
839000 5.635418061693675
840000 5.635694202704512
841000 5.636651502988137
842000 5.6370931787784215
843000 5.637299465240642
844000 5.63742481621742
845000 5.637501670601862
846000 5.637764417724338
847000 5.637706961011216
848000 5.637871980783773
849000 5.638299764350185
850000 5.638424608819346
851000 5.638503909026297
852000 5.638458464680549
853000 5.639005990681163
854000 5.639366796736431
855000 5.639321012276736
856000 5.639594133546014
857000 5.639475665382401
858000 5.639824693434858
859000 5.64002478314746
860000 5.6401999380722785
861000 5.640251182947861
862000 5.640583554376658
863000 5.640470297029703
864000 5.64111513652028
865000 5.641245308015014
866000 5.641700136823057
867000 5.642400176483565
868000 5.6426145635778235
869000 5.642857142857143
870000 5.642844546336302
871000 5.643364041080795
872000 5.643946069792034
873000 5.644247709654686
874000 5.644282002730195
875000 5.644627371571951
876000 5.644752475247524
877000 5.644864745986364
878000 5.645002418539202
879000 5.644932952297208
880000 5.645111658167751
881000 5.645233595569815
882000 5.645427780463154
883000 5.6455679522094355
884000 5.646056560688565
885000 5.645958642490231
886000 5.646023525280899
887000 5.6461011891702135
888000 5.646589164290415
889000 5.646653802298044
890000 5.646775112903933
891000 5.647056244794178
892000 5.647252169339994
893000 5.64768246736178
894000 5.647700394218134
895000 5.647607372706974
896000 5.6475119261236815
897000 5.648044448333187
898000 5.648412212404864
899000 5.648548189609936
900000 5.648712455733834
901000 5.648717164211723
902000 5.649191786806465
903000 5.649399432190434
904000 5.64963758623701
905000 5.649642046446656
