0 0
1000 1
2000 1
3000 1
4000 1
5000 2
6000 2
7000 1
8000 2
9000 2
10000 3
11000 3
12000 3
13000 3
14000 3
15000 3
16000 3
17000 3
18000 2
19000 3
20000 3
21000 3
22000 4
23000 3
24000 3
25000 3
26000 4
27000 3
28000 4
29000 5
30000 4
31000 4
32000 5
33000 4
34000 5
35000 6
36000 5
37000 5
38000 5
39000 7
40000 6
41000 5
42000 6
43000 6
44000 5
45000 4
46000 6
47000 6
48000 6
49000 7
50000 6
51000 6
52000 7
53000 6
54000 6
55000 7
56000 7
57000 6
58000 11
59000 9
60000 6
61000 7
62000 8
63000 8
64000 6
65000 8
66000 6
67000 8
68000 9
69000 7
70000 8
71000 10
72000 7
73000 7
74000 8
75000 9
76000 8
77000 10
78000 8
79000 9
80000 8
81000 9
82000 7
83000 7
84000 8
85000 10
86000 8
87000 10
88000 10
89000 11
90000 8
91000 12
92000 10
93000 8
94000 9
95000 9
96000 10
97000 11
98000 15
99000 11
100000 8
101000 11
102000 10
103000 11
104000 10
105000 9
106000 9
107000 10
108000 10
109000 11
110000 12
111000 12
112000 12
113000 11
114000 11
115000 11
116000 11
117000 11
118000 12
119000 12
120000 14
121000 13
122000 16
123000 13
124000 12
125000 11
126000 12
127000 14
128000 11
129000 12
130000 10
131000 14
132000 12
133000 15
134000 10
135000 12
136000 12
137000 15
138000 13
139000 12
140000 15
141000 13
142000 13
143000 13
144000 14
145000 12
146000 15
147000 14
148000 14
149000 16
150000 16
151000 15
152000 15
153000 14
154000 15
155000 12
156000 16
157000 14
158000 15
159000 13
160000 15
161000 11
162000 11
163000 15
164000 17
165000 13
166000 15
167000 12
168000 15
169000 15
170000 12
171000 16
172000 12
173000 16
174000 15
175000 16
176000 12
177000 16
178000 17
179000 17
180000 13
181000 16
182000 16
183000 16
184000 13
185000 16
186000 17
187000 16
188000 13
189000 17
190000 13
191000 18
192000 14
193000 13
194000 17
195000 17
196000 17
197000 18
198000 17
199000 14
200000 13
201000 18
202000 20
203000 19
204000 18
205000 19
206000 14
207000 18
208000 19
209000 19
210000 18
211000 14
212000 14
213000 19
214000 19
215000 19
216000 19
217000 20
218000 15
219000 15
220000 19
221000 16
222000 19
223000 15
224000 15
225000 16
226000 19
227000 21
228000 20
229000 20
230000 20
231000 21
232000 23
233000 17
234000 18
235000 18
236000 17
237000 22
238000 21
239000 21
240000 21
241000 17
242000 16
243000 23
244000 21
245000 21
246000 20
247000 22
248000 28
249000 24
250000 23
251000 27
252000 28
253000 21
254000 21
255000 19
256000 22
257000 21
258000 27
259000 24
260000 22
261000 24
262000 20
263000 21
264000 21
265000 22
266000 29
267000 26
268000 25
269000 22
270000 27
271000 24
272000 21
273000 22
274000 22
275000 24
276000 22
277000 26
278000 27
279000 28
280000 23
281000 22
282000 29
283000 26
284000 24
285000 27
286000 26
287000 25
288000 28
289000 25
290000 23
291000 25
292000 25
293000 37
294000 26
295000 28
296000 27
297000 25
298000 24
299000 23
300000 30
301000 29
302000 29
303000 28
304000 25
305000 31
306000 26
307000 30
308000 34
309000 28
310000 25
311000 25
312000 33
313000 30
314000 25
315000 25
316000 24
317000 27
318000 30
319000 27
320000 26
321000 26
322000 30
323000 29
324000 29
325000 36
326000 31
327000 30
328000 28
329000 26
330000 30
331000 27
332000 28
333000 32
334000 27
335000 30
336000 33
337000 32
338000 29
339000 27
340000 27
341000 33
342000 36
343000 30
344000 30
345000 32
346000 32
347000 24
348000 33
349000 34
350000 33
351000 32
352000 28
353000 26
354000 33
355000 37
356000 32
357000 29
358000 28
359000 35
360000 29
361000 33
362000 27
363000 37
364000 38
365000 31
366000 32
367000 37
368000 29
369000 31
370000 33
371000 30
372000 28
373000 33
374000 32
375000 28
376000 27
377000 31
378000 30
379000 32
380000 34
381000 35
382000 35
383000 32
384000 34
385000 36
386000 37
387000 31
388000 38
389000 33
390000 30
391000 36
392000 41
393000 42
394000 33
395000 39
396000 42
397000 34
398000 34
399000 33
400000 37
401000 41
402000 35
403000 41
404000 38
405000 38
406000 36
407000 38
408000 35
409000 40
410000 37
411000 32
412000 37
413000 38
414000 42
415000 43
416000 36
417000 44
418000 45
419000 35
420000 35
421000 40
422000 38
423000 39
424000 40
425000 40
426000 38
427000 34
428000 47
429000 42
430000 45
431000 34
432000 39
433000 39
434000 36
435000 41
436000 38
437000 34
438000 39
439000 40
440000 38
441000 39
442000 39
443000 38
444000 35
445000 37
446000 42
447000 32
448000 34
449000 33
450000 34
451000 32
452000 33
453000 38
454000 40
455000 33
456000 32
457000 31
458000 31
459000 31
460000 34
461000 40
462000 31
463000 35
464000 31
465000 31
466000 31
467000 33
468000 31
469000 33
470000 33
471000 32
472000 32
473000 33
474000 32
475000 35
476000 33
477000 33
478000 32
479000 35
480000 37
481000 42
482000 35
483000 33
484000 38
485000 34
486000 42
487000 39
488000 39
489000 43
490000 51
491000 33
492000 33
493000 33
494000 32
495000 32
496000 32
497000 46
498000 42
499000 33
500000 34
501000 34
502000 36
503000 35
504000 33
505000 34
506000 33
507000 40
508000 35
509000 34
510000 38
511000 35
512000 35
513000 35
514000 54
515000 51
516000 33
517000 33
518000 54
519000 42
520000 39
521000 43
522000 38
523000 34
524000 35
525000 38
526000 36
527000 35
528000 34
529000 34
530000 35
531000 34
532000 35
533000 35
534000 34
535000 35
536000 34
537000 45
538000 35
539000 37
540000 46
541000 44
542000 39
543000 44
544000 36
545000 34
546000 35
547000 39
548000 36
549000 36
550000 36
551000 37
552000 44
553000 41
554000 46
555000 35
556000 37
557000 41
558000 52
559000 48
560000 36
561000 46
562000 53
563000 37
564000 39
565000 53
566000 56
567000 39
568000 49
569000 57
570000 59
571000 38
572000 40
573000 39
574000 47
575000 37
576000 46
577000 59
578000 38
579000 41
580000 40
581000 38
582000 39
583000 38
584000 41
585000 39
586000 37
587000 48
588000 41
589000 37
590000 39
591000 39
592000 41
593000 39
594000 43
595000 39
596000 42
597000 45
598000 38
599000 49
600000 54
601000 49
602000 42
603000 51
604000 48
605000 57
606000 41
607000 46
608000 42
609000 42
610000 45
611000 41
612000 40
613000 48
614000 40
615000 42
616000 42
617000 46
618000 43
619000 38
620000 53
621000 50
622000 44
623000 42
624000 42
625000 41
626000 40
627000 45
628000 44
629000 41
630000 41
631000 41
632000 42
633000 41
634000 42
635000 56
636000 43
637000 43
638000 65
639000 40
640000 41
641000 42
642000 49
643000 40
644000 44
645000 42
646000 41
647000 46
648000 45
649000 45
650000 58
651000 43
652000 43
653000 44
654000 45
655000 42
656000 43
657000 43
658000 44
659000 45
660000 46
661000 45
662000 51
663000 47
664000 44
665000 41
666000 55
667000 43
668000 42
669000 43
670000 46
671000 45
672000 45
673000 46
674000 46
675000 45
676000 66
677000 62
678000 44
679000 43
680000 43
681000 46
682000 54
683000 59
684000 48
685000 49
686000 51
687000 51
688000 48
689000 57
690000 48
691000 50
692000 51
693000 51
694000 51
695000 56
696000 55
697000 59
698000 59
699000 56
700000 54
701000 47
702000 70
703000 48
704000 45
705000 46
706000 45
707000 55
708000 47
709000 47
710000 55
711000 48
712000 44
713000 46
714000 44
715000 44
716000 45
717000 45
718000 51
719000 52
720000 49
721000 48
722000 54
723000 49
724000 63
725000 46
726000 53
727000 48
728000 47
729000 48
730000 48
731000 61
732000 52
733000 53
734000 51
735000 48
736000 52
737000 46
738000 47
739000 47
740000 52
741000 47
742000 49
743000 51
744000 50
745000 47
746000 52
747000 48
748000 48
749000 53
750000 49
751000 50
752000 48
753000 50
754000 66
755000 49
756000 47
757000 51
758000 49
759000 50
760000 91
761000 54
762000 51
763000 49
764000 59
765000 68
766000 51
767000 47
768000 51
769000 56
770000 50
771000 47
772000 49
773000 47
774000 48
775000 48
776000 50
777000 48
778000 49
779000 48
780000 50
781000 58
782000 48
783000 48
784000 55
785000 48
786000 49
787000 49
788000 51
789000 56
790000 48
791000 50
792000 49
793000 51
794000 53
795000 47
796000 50
797000 49
798000 48
799000 48
800000 50
801000 50
802000 54
803000 55
804000 52
805000 50
806000 50
807000 50
808000 50
809000 55
810000 62
811000 50
812000 51
813000 50
814000 52
815000 50
816000 50
817000 53
818000 55
819000 51
820000 51
821000 52
822000 48
823000 52
824000 50
825000 51
826000 51
827000 56
828000 56
829000 50
830000 56
831000 68
832000 57
833000 54
834000 52
835000 54
836000 53
837000 56
838000 64
839000 52
840000 56
841000 58
842000 52
843000 58
844000 54
845000 51
846000 60
847000 53
848000 57
849000 54
850000 53
851000 52
852000 56
853000 51
854000 52
855000 58
856000 51
857000 52
858000 55
859000 55
860000 53
861000 56
862000 52
863000 54
864000 55
865000 50
866000 60
867000 55
868000 64
869000 51
870000 67
871000 63
872000 59
873000 53
874000 52
875000 70
876000 62
877000 56
878000 52
879000 55
880000 53
881000 52
882000 52
883000 55
884000 63
885000 53
886000 56
887000 54
888000 60
889000 52
890000 64
891000 53
892000 59
893000 52
894000 59
895000 52
896000 56
897000 57
898000 56
899000 54
900000 53
901000 53
902000 55
903000 55
904000 61
