0 1
1000 5
2000 6
3000 7
4000 7
5000 7
6000 7
7000 7
8000 7
9000 7
10000 7
11000 7
12000 7
13000 7
14000 8
15000 8
16000 8
17000 8
18000 8
19000 8
20000 8
21000 8
22000 8
23000 8
24000 9
25000 9
26000 9
27000 9
28000 9
29000 9
30000 9
31000 9
32000 9
33000 9
34000 9
35000 9
36000 9
37000 9
38000 9
39000 9
40000 9
41000 9
42000 9
43000 9
44000 9
45000 9
46000 9
47000 9
48000 9
49000 9
50000 9
51000 9
52000 9
53000 9
54000 9
55000 9
56000 9
57000 9
58000 9
59000 9
60000 9
61000 9
62000 9
63000 9
64000 9
65000 9
66000 9
67000 9
68000 9
69000 9
70000 9
71000 9
72000 9
73000 9
74000 9
75000 9
76000 9
77000 9
78000 9
79000 9
80000 9
81000 9
82000 9
83000 9
84000 9
85000 9
86000 9
87000 10
88000 10
89000 10
90000 10
91000 10
92000 10
93000 10
94000 10
95000 10
96000 10
97000 10
98000 10
99000 10
100000 10
101000 10
102000 10
103000 10
104000 10
105000 10
106000 10
107000 10
108000 10
109000 10
110000 10
111000 10
112000 10
113000 10
114000 10
115000 10
116000 10
117000 10
118000 10
119000 10
120000 10
121000 10
122000 10
123000 10
124000 10
125000 10
126000 10
127000 10
128000 10
129000 10
130000 10
131000 10
132000 10
133000 10
134000 10
135000 10
136000 10
137000 10
138000 10
139000 10
140000 10
141000 10
142000 10
143000 10
144000 10
145000 10
146000 10
147000 10
148000 10
149000 10
150000 10
151000 10
152000 10
153000 10
154000 10
155000 10
156000 10
157000 10
158000 10
159000 10
160000 10
161000 10
162000 10
163000 10
164000 10
165000 10
166000 10
167000 10
168000 10
169000 10
170000 10
171000 10
172000 10
173000 10
174000 10
175000 10
176000 10
177000 10
178000 10
179000 10
180000 10
181000 10
182000 10
183000 10
184000 10
185000 10
186000 10
187000 10
188000 10
189000 10
190000 10
191000 10
192000 10
193000 10
194000 10
195000 10
196000 10
197000 10
198000 10
199000 10
200000 10
201000 10
202000 10
203000 10
204000 10
205000 10
206000 10
207000 10
208000 10
209000 10
210000 10
211000 10
212000 10
213000 10
214000 10
215000 10
216000 10
217000 10
218000 10
219000 10
220000 10
221000 10
222000 10
223000 10
224000 10
225000 10
226000 10
227000 10
228000 10
229000 10
230000 10
231000 10
232000 10
233000 10
234000 10
235000 10
236000 10
237000 10
238000 10
239000 10
240000 10
241000 10
242000 10
243000 10
244000 10
245000 10
246000 10
247000 10
248000 10
249000 10
250000 10
251000 10
252000 10
253000 10
254000 10
255000 10
256000 10
257000 10
258000 10
259000 10
260000 10
261000 10
262000 10
263000 10
264000 10
265000 10
266000 10
267000 10
268000 10
269000 10
270000 10
271000 10
272000 10
273000 10
274000 10
275000 10
276000 10
277000 10
278000 10
279000 10
280000 10
281000 10
282000 10
283000 10
284000 10
285000 10
286000 10
287000 10
288000 10
289000 10
290000 10
291000 10
292000 10
293000 10
294000 10
295000 10
296000 10
297000 10
298000 10
299000 10
300000 10
301000 10
302000 10
303000 10
304000 10
305000 10
306000 10
307000 10
308000 10
309000 10
310000 10
311000 10
312000 10
313000 10
314000 10
315000 10
316000 10
317000 10
318000 10
319000 10
320000 10
321000 10
322000 10
323000 10
324000 10
325000 10
326000 10
327000 10
328000 10
329000 10
330000 10
331000 10
332000 10
333000 10
334000 10
335000 10
336000 10
337000 10
338000 10
339000 10
340000 10
341000 10
342000 10
343000 10
344000 10
345000 10
346000 10
347000 10
348000 10
349000 10
350000 10
351000 10
352000 10
353000 10
354000 10
355000 10
356000 10
357000 10
358000 10
359000 10
360000 10
361000 10
362000 10
363000 10
364000 10
365000 10
366000 10
367000 10
368000 10
369000 10
370000 10
371000 10
372000 10
373000 10
374000 10
375000 10
376000 10
377000 10
378000 10
379000 10
380000 10
381000 10
382000 10
383000 10
384000 10
385000 10
386000 10
387000 10
388000 10
389000 10
390000 10
391000 10
392000 10
393000 10
394000 10
395000 10
396000 10
397000 10
398000 10
399000 10
400000 10
401000 10
402000 10
403000 10
404000 10
405000 10
406000 10
407000 10
408000 10
409000 10
410000 10
411000 10
412000 10
413000 10
414000 10
415000 10
416000 10
417000 10
418000 10
419000 10
420000 10
421000 10
422000 10
423000 10
424000 10
425000 10
426000 10
427000 10
428000 10
429000 10
430000 10
431000 10
432000 10
433000 10
434000 10
435000 10
436000 10
437000 10
438000 10
439000 10
440000 10
441000 10
442000 10
443000 10
444000 10
445000 10
446000 10
447000 10
448000 10
449000 10
450000 10
451000 10
452000 10
453000 10
454000 10
455000 10
456000 10
457000 10
458000 10
459000 10
460000 10
461000 10
462000 10
463000 10
464000 10
465000 10
466000 10
467000 10
468000 10
469000 10
470000 10
471000 10
472000 10
473000 10
474000 10
475000 10
476000 10
477000 10
478000 10
479000 10
480000 10
481000 10
482000 10
483000 10
484000 10
485000 10
486000 10
487000 10
488000 10
489000 10
490000 10
491000 10
492000 10
493000 10
494000 10
495000 10
496000 10
497000 10
498000 10
499000 10
500000 10
501000 10
502000 10
503000 10
504000 10
505000 10
506000 10
507000 10
508000 10
509000 10
510000 10
511000 10
512000 10
513000 10
514000 10
515000 10
516000 10
517000 10
518000 10
519000 10
520000 10
521000 10
522000 10
523000 10
524000 10
525000 10
526000 10
527000 10
528000 10
529000 10
530000 10
531000 10
532000 10
533000 10
534000 10
535000 10
536000 10
537000 10
538000 10
539000 10
540000 10
541000 10
542000 10
543000 10
544000 10
545000 10
546000 10
547000 10
548000 10
549000 10
550000 10
551000 10
552000 10
553000 10
554000 10
555000 10
556000 10
557000 10
558000 10
559000 10
560000 10
561000 10
562000 10
563000 10
564000 10
565000 10
566000 10
567000 10
568000 10
569000 10
570000 10
571000 10
572000 10
573000 10
574000 10
575000 10
576000 10
577000 10
578000 10
579000 10
580000 10
581000 10
582000 10
583000 10
584000 10
585000 10
586000 10
587000 10
588000 10
589000 10
590000 10
591000 10
592000 10
593000 10
594000 10
595000 10
596000 10
597000 10
598000 10
599000 10
600000 10
601000 10
602000 10
603000 10
604000 10
605000 10
606000 10
607000 10
608000 10
609000 10
610000 10
611000 10
612000 10
613000 10
614000 10
615000 10
616000 10
617000 10
618000 10
619000 10
620000 10
621000 10
622000 10
623000 10
624000 10
625000 10
626000 10
627000 10
628000 10
629000 10
630000 10
631000 10
632000 10
633000 10
634000 10
635000 10
636000 10
637000 10
638000 10
639000 10
640000 10
641000 10
642000 10
643000 10
644000 10
645000 10
646000 10
647000 10
648000 10
649000 10
650000 10
651000 10
652000 10
653000 10
654000 10
655000 10
656000 10
657000 10
658000 10
659000 10
660000 10
661000 10
662000 10
663000 10
664000 10
665000 10
666000 10
667000 10
668000 10
669000 11
670000 11
671000 11
672000 11
673000 11
674000 11
675000 11
676000 11
677000 11
678000 11
679000 11
680000 11
681000 11
682000 11
683000 11
684000 11
685000 11
686000 11
687000 11
688000 11
689000 11
690000 11
691000 11
692000 11
693000 11
694000 11
695000 11
696000 11
697000 11
698000 11
699000 11
700000 11
701000 11
702000 11
703000 11
704000 11
705000 11
706000 11
707000 11
708000 11
709000 11
710000 11
711000 11
712000 11
713000 11
714000 11
715000 11
716000 11
717000 11
718000 11
719000 11
720000 11
721000 11
722000 11
723000 11
724000 11
725000 11
726000 11
727000 11
728000 11
729000 11
730000 11
731000 11
732000 11
733000 11
734000 11
735000 11
736000 11
737000 11
738000 11
739000 11
740000 11
741000 11
742000 11
743000 11
744000 11
745000 11
746000 11
747000 11
748000 11
749000 11
750000 11
751000 11
752000 11
753000 11
754000 11
755000 11
756000 11
757000 11
758000 11
759000 11
760000 11
761000 11
762000 11
763000 11
764000 11
765000 11
766000 11
767000 11
768000 11
769000 11
770000 11
771000 11
772000 11
773000 11
774000 11
775000 11
776000 11
777000 11
778000 11
779000 11
780000 11
781000 11
782000 11
783000 11
784000 11
785000 11
786000 11
787000 11
788000 11
789000 11
790000 11
791000 11
792000 11
793000 11
794000 11
795000 11
796000 11
797000 11
798000 11
799000 11
800000 11
801000 11
802000 11
803000 11
804000 11
805000 11
806000 11
807000 11
808000 11
809000 11
810000 11
811000 11
812000 11
813000 11
814000 11
815000 11
816000 11
817000 11
818000 11
819000 11
820000 11
821000 11
822000 11
823000 11
824000 11
825000 11
826000 11
827000 11
828000 11
829000 11
830000 11
831000 11
832000 11
833000 11
834000 11
835000 11
836000 11
837000 11
838000 11
839000 11
840000 11
841000 11
842000 11
843000 11
844000 11
845000 11
846000 11
847000 11
848000 11
849000 11
850000 11
851000 11
852000 11
853000 11
854000 11
855000 11
856000 11
857000 11
858000 11
859000 11
860000 11
861000 11
862000 11
863000 11
864000 11
865000 11
866000 11
867000 11
868000 11
869000 11
870000 11
871000 11
872000 11
873000 11
874000 11
875000 11
876000 11
877000 11
878000 11
879000 11
880000 11
881000 11
882000 11
883000 11
884000 11
885000 11
886000 11
887000 11
888000 11
889000 11
890000 11
891000 11
892000 11
893000 11
894000 11
895000 11
896000 11
897000 11
898000 11
899000 11
900000 11
901000 11
902000 11
903000 11
904000 11
905000 11
