1000 0
2000 4
3000 1
4000 1
5000 2
6000 2
7000 3
8000 3
9000 3
10000 4
11000 4
12000 5
13000 5
14000 3
15000 7
16000 6
17000 7
18000 6
19000 7
20000 7
21000 5
22000 21
23000 3
24000 3
25000 4
26000 3
27000 4
28000 3
29000 4
30000 4
31000 5
32000 4
33000 5
34000 5
35000 4
36000 6
37000 5
38000 5
39000 6
40000 5
41000 6
42000 6
43000 7
44000 6
45000 7
46000 7
47000 13
48000 7
49000 7
50000 8
51000 8
52000 8
53000 8
54000 8
55000 8
56000 9
57000 9
58000 8
59000 9
60000 9
61000 10
62000 9
63000 10
64000 11
65000 12
66000 13
67000 12
68000 13
69000 13
70000 13
71000 13
72000 14
73000 14
74000 14
75000 20
76000 11
77000 12
78000 12
79000 13
80000 12
81000 13
82000 12
83000 13
84000 13
85000 14
86000 13
87000 14
88000 14
89000 14
90000 14
91000 14
92000 14
93000 15
94000 15
95000 21
96000 15
97000 16
98000 15
99000 16
100000 16
101000 16
102000 16
103000 16
104000 16
105000 17
106000 16
107000 17
108000 17
109000 17
110000 20
111000 18
112000 18
113000 22
114000 21
115000 22
116000 22
117000 22
118000 23
119000 22
120000 23
121000 23
122000 23
123000 24
124000 24
125000 24
126000 24
127000 26
128000 20
129000 21
130000 20
131000 21
132000 21
133000 21
134000 21
135000 21
136000 22
137000 21
138000 24
139000 22
140000 22
141000 22
142000 23
143000 22
144000 24
145000 24
146000 23
147000 23
148000 23
149000 24
150000 24
151000 24
152000 25
153000 24
154000 25
155000 24
156000 25
157000 25
158000 25
159000 25
160000 26
161000 25
162000 26
163000 26
164000 26
165000 27
166000 26
167000 27
168000 26
169000 28
170000 27
171000 27
172000 27
173000 30
174000 32
175000 34
176000 34
177000 41
178000 30
179000 29
180000 29
181000 35
182000 30
183000 29
184000 30
185000 29
186000 30
187000 30
188000 30
189000 30
190000 31
191000 31
192000 30
193000 31
194000 31
195000 31
196000 32
197000 31
198000 32
199000 37
200000 64
201000 51
202000 44
203000 41
204000 37
205000 34
206000 35
207000 34
208000 35
209000 35
210000 34
211000 35
212000 35
213000 36
214000 35
215000 36
216000 36
217000 36
218000 36
219000 40
220000 39
221000 37
222000 36
223000 36
224000 37
225000 38
226000 37
227000 37
228000 36
229000 37
230000 38
231000 38
232000 37
233000 38
234000 39
235000 38
236000 39
237000 39
238000 39
239000 41
240000 39
241000 39
242000 40
243000 40
244000 39
245000 40
246000 40
247000 40
248000 41
249000 40
250000 41
251000 41
252000 41
253000 41
254000 41
255000 42
256000 42
257000 42
258000 42
259000 43
260000 42
261000 43
262000 42
263000 43
264000 43
265000 43
266000 43
267000 44
268000 44
269000 44
270000 49
271000 44
272000 45
273000 45
274000 45
275000 45
276000 45
277000 46
278000 45
279000 46
280000 46
281000 47
282000 46
283000 77
284000 73
285000 84
286000 73
287000 60
288000 53
289000 49
290000 47
291000 48
292000 48
293000 48
294000 48
295000 49
296000 48
297000 49
298000 49
299000 50
300000 49
301000 50
302000 49
303000 50
304000 50
305000 50
306000 51
307000 50
308000 51
309000 56
310000 87
311000 77
312000 63
313000 56
314000 52
315000 52
316000 52
317000 52
318000 52
319000 53
320000 53
321000 52
322000 53
323000 54
324000 53
325000 54
326000 54
327000 53
328000 54
329000 54
330000 54
331000 54
332000 55
333000 55
334000 55
335000 55
336000 56
337000 56
338000 55
339000 56
340000 79
341000 93
342000 72
343000 62
344000 57
345000 57
346000 57
347000 57
348000 57
349000 64
350000 57
351000 58
352000 59
353000 58
354000 58
355000 59
356000 59
357000 79
358000 82
359000 68
360000 61
361000 60
362000 59
363000 60
364000 61
365000 60
366000 61
367000 60
368000 61
369000 61
370000 62
371000 61
372000 61
373000 61
374000 63
375000 61
376000 62
377000 62
378000 63
379000 63
380000 63
381000 63
382000 64
383000 63
384000 66
385000 64
386000 64
387000 64
388000 64
389000 65
390000 66
391000 65
392000 65
393000 65
394000 65
395000 66
396000 71
397000 66
398000 66
399000 66
400000 67
401000 66
402000 67
403000 67
404000 67
405000 67
406000 76
407000 68
408000 68
409000 68
410000 68
411000 69
412000 69
413000 68
414000 69
415000 69
416000 69
417000 70
418000 69
419000 70
420000 69
421000 70
422000 70
423000 70
424000 71
425000 71
426000 71
427000 104
428000 104
429000 83
430000 72
431000 72
432000 72
433000 72
434000 72
435000 72
436000 72
437000 73
438000 73
439000 73
440000 74
441000 74
442000 74
443000 74
444000 73
445000 74
446000 76
447000 75
448000 74
449000 75
450000 75
451000 75
452000 79
453000 75
454000 76
455000 77
456000 76
457000 77
458000 76
459000 77
460000 77
461000 77
462000 77
463000 77
464000 78
465000 77
466000 78
467000 77
468000 78
469000 79
470000 78
471000 80
472000 79
473000 79
474000 79
475000 80
476000 133
477000 102
478000 83
479000 80
480000 79
481000 80
482000 81
483000 90
484000 135
485000 97
486000 82
487000 117
488000 117
489000 91
490000 87
491000 82
492000 82
493000 82
494000 85
495000 82
496000 83
497000 130
498000 111
499000 89
500000 82
501000 84
502000 85
503000 82
504000 84
505000 107
506000 130
507000 97
508000 84
509000 85
510000 87
511000 86
512000 86
513000 85
514000 86
515000 85
516000 86
517000 86
518000 87
519000 86
520000 87
521000 87
522000 87
523000 139
524000 113
525000 90
526000 92
527000 90
528000 89
529000 94
530000 99
531000 92
532000 90
533000 89
534000 90
535000 88
536000 90
537000 92
538000 90
539000 91
540000 93
541000 91
542000 91
543000 91
544000 127
545000 130
546000 99
547000 92
548000 91
549000 95
550000 92
551000 92
552000 92
553000 149
554000 113
555000 94
556000 93
557000 91
558000 93
559000 94
560000 102
561000 95
562000 96
563000 95
564000 98
565000 96
566000 98
567000 96
568000 96
569000 95
570000 96
571000 97
572000 97
573000 99
574000 99
575000 99
576000 97
577000 101
578000 97
579000 98
580000 97
581000 127
582000 141
583000 105
584000 98
585000 99
586000 99
587000 159
588000 115
589000 103
590000 99
591000 100
592000 135
593000 109
594000 101
595000 100
596000 103
597000 101
598000 101
599000 101
600000 102
601000 100
602000 101
603000 102
604000 105
605000 102
606000 102
607000 103
608000 104
609000 104
610000 102
611000 103
612000 104
613000 103
614000 104
615000 103
616000 104
617000 107
618000 104
619000 104
620000 130
621000 151
622000 111
623000 105
624000 102
625000 105
626000 105
627000 162
628000 126
629000 106
630000 103
631000 107
632000 108
633000 105
634000 109
635000 108
636000 109
637000 108
638000 109
639000 110
640000 120
641000 127
642000 109
643000 107
644000 112
645000 136
646000 124
647000 108
648000 112
649000 112
650000 112
651000 110
652000 109
653000 151
654000 128
655000 110
656000 113
657000 112
658000 109
659000 111
660000 107
661000 111
662000 113
663000 112
664000 147
665000 136
666000 117
667000 116
668000 110
669000 112
670000 112
671000 114
672000 113
673000 112
674000 114
675000 113
676000 115
677000 166
678000 134
679000 113
680000 117
681000 116
682000 113
683000 119
684000 127
685000 117
686000 117
687000 115
688000 163
689000 121
690000 131
691000 117
692000 119
693000 122
694000 118
695000 119
696000 119
697000 124
698000 121
699000 120
700000 120
701000 123
702000 118
703000 128
704000 153
705000 125
706000 123
707000 122
708000 122
709000 153
710000 159
711000 123
712000 122
713000 119
714000 120
715000 122
716000 123
717000 124
718000 122
719000 125
720000 122
721000 123
722000 124
723000 192
724000 130
725000 125
726000 123
727000 123
728000 123
729000 123
730000 124
731000 125
732000 125
733000 142
734000 165
735000 126
736000 179
737000 140
738000 127
739000 124
740000 159
741000 169
742000 128
743000 125
744000 153
745000 171
746000 149
747000 153
748000 126
749000 127
750000 125
751000 129
752000 127
753000 135
754000 156
755000 157
756000 146
757000 149
758000 149
759000 135
760000 126
761000 129
762000 132
763000 130
764000 130
765000 127
766000 129
767000 131
768000 148
769000 135
770000 128
771000 131
772000 127
773000 130
774000 194
775000 145
776000 126
777000 137
778000 133
779000 135
780000 132
781000 130
782000 132
783000 127
784000 177
785000 167
786000 129
787000 133
788000 153
789000 189
790000 133
791000 131
792000 133
793000 134
794000 136
795000 136
796000 134
797000 198
798000 146
799000 134
800000 135
801000 136
802000 132
803000 132
804000 182
805000 169
806000 132
807000 136
808000 142
809000 140
810000 140
811000 138
812000 137
813000 140
814000 139
815000 141
816000 139
817000 143
818000 139
819000 141
820000 146
821000 140
822000 141
823000 143
824000 137
825000 139
826000 140
827000 160
828000 159
829000 140
830000 142
831000 141
832000 141
833000 150
834000 145
835000 143
836000 167
837000 170
838000 143
839000 149
840000 146
841000 144
842000 148
843000 145
844000 143
845000 143
846000 212
847000 182
848000 148
849000 146
850000 144
851000 144
852000 146
853000 145
854000 140
855000 146
856000 145
857000 143
858000 145
859000 146
860000 146
861000 146
862000 147
863000 148
864000 146
865000 146
866000 149
867000 151
868000 159
869000 158
870000 150
871000 147
872000 162
873000 149
874000 149
875000 171
876000 161
877000 152
878000 152
879000 170
880000 215
881000 151
882000 179
883000 153
884000 146
885000 153
886000 166
887000 170
888000 155
889000 160
890000 147
891000 154
892000 185
893000 165
894000 153
895000 149
896000 157
897000 154
898000 151
899000 152
900000 156
901000 155
902000 152
903000 153
904000 154
905000 151
