0 0
1000 2
2000 1
3000 1
4000 3
5000 2
6000 3
7000 3
8000 4
9000 5
10000 6
11000 5
12000 5
13000 6
14000 6
15000 6
16000 8
17000 8
18000 7
19000 9
20000 8
21000 10
22000 11
23000 11
24000 11
25000 10
26000 13
27000 11
28000 13
29000 12
30000 15
31000 13
32000 17
33000 14
34000 18
35000 16
36000 15
37000 19
38000 16
39000 20
40000 21
41000 18
42000 18
43000 22
44000 19
45000 19
46000 19
47000 20
48000 25
49000 24
50000 22
51000 23
52000 27
53000 22
54000 23
55000 24
56000 25
57000 25
58000 26
59000 26
60000 26
61000 26
62000 35
63000 29
64000 27
65000 28
66000 36
67000 30
68000 29
69000 30
70000 29
71000 43
72000 40
73000 36
74000 38
75000 33
76000 34
77000 33
78000 34
79000 37
80000 35
81000 39
82000 36
83000 38
84000 37
85000 37
86000 38
87000 39
88000 41
89000 40
90000 42
91000 51
92000 52
93000 47
94000 42
95000 42
96000 43
97000 43
98000 44
99000 57
100000 45
101000 57
102000 48
103000 59
104000 49
105000 60
106000 50
107000 61
108000 53
109000 48
110000 63
111000 50
112000 65
113000 54
114000 50
115000 66
116000 56
117000 52
118000 76
119000 68
120000 56
121000 70
122000 59
123000 76
124000 72
125000 57
126000 73
127000 59
128000 75
129000 65
130000 61
131000 78
132000 70
133000 63
134000 61
135000 82
136000 75
137000 66
138000 64
139000 65
140000 64
141000 65
142000 67
143000 67
144000 69
145000 67
146000 67
147000 69
148000 70
149000 70
150000 70
151000 70
152000 70
153000 70
154000 71
155000 92
156000 84
157000 80
158000 78
159000 79
160000 79
161000 73
162000 74
163000 77
164000 78
165000 77
166000 78
167000 78
168000 79
169000 80
170000 81
171000 86
172000 79
173000 82
174000 81
175000 85
176000 85
177000 91
178000 90
179000 92
180000 88
181000 85
182000 111
183000 90
184000 85
185000 113
186000 90
187000 87
188000 114
189000 96
190000 91
191000 90
192000 89
193000 121
194000 118
195000 102
196000 100
197000 103
198000 98
199000 93
200000 97
201000 98
202000 100
203000 103
204000 105
205000 104
206000 103
207000 99
208000 101
209000 98
210000 99
211000 100
212000 101
213000 101
214000 102
215000 105
216000 106
217000 107
218000 108
219000 107
220000 106
221000 115
222000 112
223000 109
224000 110
225000 116
226000 110
227000 110
228000 110
229000 111
230000 116
231000 116
232000 114
233000 113
234000 113
235000 117
236000 116
237000 117
238000 119
239000 125
240000 121
241000 117
242000 119
243000 121
244000 120
245000 131
246000 124
247000 122
248000 123
249000 123
250000 123
251000 127
252000 128
253000 128
254000 130
255000 128
256000 125
257000 125
258000 126
259000 127
260000 128
261000 129
262000 133
263000 136
264000 134
265000 135
266000 135
267000 134
268000 136
269000 136
270000 136
271000 143
272000 135
273000 137
274000 138
275000 143
276000 141
277000 143
278000 149
279000 140
280000 141
281000 143
282000 142
283000 145
284000 148
285000 146
286000 145
287000 147
288000 145
289000 146
290000 147
291000 147
292000 150
293000 155
294000 160
295000 148
296000 152
297000 153
298000 151
299000 153
300000 152
301000 158
302000 152
303000 157
304000 156
305000 162
306000 159
307000 157
308000 164
309000 158
310000 164
311000 163
312000 169
313000 160
314000 163
315000 168
316000 159
317000 212
318000 188
319000 180
320000 182
321000 181
322000 178
323000 176
324000 165
325000 170
326000 173
327000 180
328000 166
329000 169
330000 177
331000 187
332000 170
333000 173
334000 177
335000 178
336000 187
337000 180
338000 173
339000 180
340000 178
341000 179
342000 180
343000 181
344000 183
345000 193
346000 191
347000 191
348000 190
349000 186
350000 184
351000 184
352000 187
353000 190
354000 196
355000 189
356000 187
357000 194
358000 191
359000 195
360000 190
361000 194
362000 195
363000 199
364000 196
365000 204
366000 200
367000 194
368000 199
369000 201
370000 211
371000 215
372000 199
373000 196
374000 199
375000 208
376000 200
377000 205
378000 203
379000 203
380000 203
381000 203
382000 206
383000 211
384000 206
385000 212
386000 224
387000 207
388000 217
389000 205
390000 264
391000 274
392000 238
393000 240
394000 218
395000 207
396000 209
397000 216
398000 232
399000 211
400000 210
401000 210
402000 212
403000 215
404000 217
405000 222
406000 229
407000 217
408000 226
409000 227
410000 228
411000 228
412000 222
413000 229
414000 225
415000 226
416000 228
417000 234
418000 234
419000 231
420000 231
421000 233
422000 235
423000 233
424000 235
425000 240
426000 234
427000 234
428000 235
429000 238
430000 236
431000 238
432000 240
433000 241
434000 242
435000 340
436000 236
437000 259
438000 236
439000 244
440000 244
441000 240
442000 248
443000 246
444000 252
445000 247
446000 254
447000 256
448000 249
449000 254
450000 258
451000 258
452000 254
453000 256
454000 251
455000 258
456000 266
457000 264
458000 267
459000 276
460000 246
461000 254
462000 261
463000 259
464000 256
465000 258
466000 262
467000 268
468000 268
469000 270
470000 262
471000 265
472000 283
473000 255
474000 261
475000 271
476000 266
477000 270
478000 268
479000 275
480000 280
481000 262
482000 271
483000 273
484000 273
485000 273
486000 278
487000 282
488000 270
489000 280
490000 276
491000 288
492000 274
493000 281
494000 280
495000 287
496000 278
497000 286
498000 288
499000 287
500000 283
501000 289
502000 286
503000 288
504000 287
505000 289
506000 291
507000 288
508000 286
509000 296
510000 289
511000 296
512000 293
513000 291
514000 297
515000 306
516000 287
517000 300
518000 301
519000 301
520000 304
521000 297
522000 306
523000 300
524000 307
525000 304
526000 302
527000 304
528000 311
529000 312
530000 303
531000 303
532000 315
533000 322
534000 330
535000 329
536000 318
537000 303
538000 302
539000 303
540000 305
541000 309
542000 321
543000 327
544000 314
545000 312
546000 329
547000 312
548000 317
549000 327
550000 323
551000 313
552000 327
553000 322
554000 333
555000 343
556000 323
557000 321
558000 333
559000 325
560000 329
561000 349
562000 318
563000 341
564000 345
565000 326
566000 337
567000 335
568000 337
569000 332
570000 334
571000 338
572000 342
573000 344
574000 342
575000 342
576000 339
577000 347
578000 365
579000 366
580000 467
581000 445
582000 392
583000 360
584000 358
585000 351
586000 349
587000 349
588000 355
589000 363
590000 371
591000 338
592000 350
593000 357
594000 344
595000 355
596000 360
597000 360
598000 361
599000 355
600000 359
601000 380
602000 356
603000 355
604000 368
605000 358
606000 371
607000 362
608000 367
609000 370
610000 370
611000 363
612000 358
613000 364
614000 361
615000 368
616000 376
617000 387
618000 365
619000 366
620000 376
621000 391
622000 378
623000 374
624000 378
625000 382
626000 386
627000 384
628000 382
629000 381
630000 397
631000 377
632000 389
633000 385
634000 381
635000 392
636000 388
637000 381
638000 391
639000 394
640000 392
641000 397
642000 387
643000 390
644000 414
645000 416
646000 381
647000 391
648000 404
649000 405
650000 393
651000 398
652000 397
653000 401
654000 398
655000 402
656000 401
657000 392
658000 403
659000 404
660000 407
661000 414
662000 423
663000 408
664000 411
665000 420
666000 411
667000 412
668000 420
669000 415
670000 424
671000 411
672000 408
673000 426
674000 427
675000 443
676000 428
677000 438
678000 428
679000 435
680000 432
681000 441
682000 433
683000 437
684000 420
685000 422
686000 438
687000 459
688000 462
689000 411
690000 420
691000 433
692000 447
693000 424
694000 437
695000 433
696000 429
697000 437
698000 444
699000 449
700000 439
701000 441
702000 434
703000 436
704000 444
705000 459
706000 445
707000 436
708000 456
709000 451
710000 441
711000 457
712000 450
713000 453
714000 451
715000 448
716000 449
717000 461
718000 452
719000 442
720000 453
721000 464
722000 485
723000 473
724000 501
725000 463
726000 459
727000 478
728000 461
729000 453
730000 458
731000 463
732000 469
733000 473
734000 483
735000 449
736000 470
737000 459
738000 464
739000 466
740000 472
741000 475
742000 473
743000 480
744000 486
745000 478
746000 471
747000 468
748000 457
749000 457
750000 458
751000 468
752000 473
753000 486
754000 515
755000 468
756000 483
757000 473
758000 478
759000 497
760000 487
761000 507
762000 496
763000 511
764000 501
765000 475
766000 491
767000 493
768000 480
769000 500
770000 488
771000 492
772000 487
773000 488
774000 503
775000 497
776000 494
777000 501
778000 501
779000 494
780000 512
781000 497
782000 514
783000 512
784000 502
785000 503
786000 500
787000 499
788000 518
789000 502
790000 500
791000 499
792000 502
793000 505
794000 514
795000 518
796000 516
797000 518
798000 524
799000 504
800000 530
801000 511
802000 519
803000 518
804000 532
805000 525
806000 526
807000 516
808000 526
809000 527
810000 526
811000 513
812000 528
813000 538
814000 548
815000 567
816000 533
817000 521
818000 533
819000 524
820000 528
821000 531
822000 540
823000 537
824000 530
825000 529
826000 532
827000 526
828000 531
829000 528
830000 542
831000 531
832000 556
833000 532
834000 539
835000 540
836000 568
837000 541
838000 534
839000 554
840000 545
841000 549
842000 545
843000 547
844000 550
845000 557
846000 558
847000 543
848000 543
849000 546
850000 565
851000 544
852000 554
853000 549
854000 558
855000 558
856000 556
857000 559
858000 566
859000 562
860000 565
861000 546
862000 563
863000 584
864000 565
865000 571
866000 562
867000 560
868000 559
869000 559
870000 569
871000 582
872000 568
873000 573
874000 579
875000 581
876000 616
877000 565
878000 561
879000 572
880000 605
881000 573
882000 580
883000 571
884000 573
885000 576
886000 579
887000 583
888000 585
889000 598
890000 580
891000 583
892000 596
893000 586
894000 575
895000 574
896000 571
897000 568
898000 585
899000 581
900000 599
901000 594
902000 605
903000 575
904000 593
