0 2
1000 11
2000 12
3000 13
4000 13
5000 13
6000 13
7000 13
8000 13
9000 14
10000 14
11000 14
12000 14
13000 14
14000 14
15000 14
16000 14
17000 14
18000 14
19000 14
20000 14
21000 14
22000 14
23000 14
24000 14
25000 14
26000 14
27000 14
28000 15
29000 15
30000 15
31000 15
32000 15
33000 15
34000 15
35000 15
36000 15
37000 15
38000 15
39000 15
40000 15
41000 15
42000 15
43000 15
44000 15
45000 15
46000 15
47000 15
48000 15
49000 15
50000 15
51000 15
52000 15
53000 15
54000 15
55000 15
56000 15
57000 15
58000 15
59000 15
60000 15
61000 15
62000 15
63000 15
64000 15
65000 15
66000 15
67000 15
68000 15
69000 15
70000 15
71000 15
72000 15
73000 15
74000 15
75000 15
76000 15
77000 15
78000 15
79000 15
80000 15
81000 15
82000 15
83000 15
84000 15
85000 15
86000 15
87000 15
88000 15
89000 15
90000 15
91000 15
92000 15
93000 16
94000 16
95000 16
96000 16
97000 16
98000 16
99000 16
100000 16
101000 16
102000 16
103000 16
104000 16
105000 16
106000 16
107000 16
108000 16
109000 16
110000 16
111000 16
112000 16
113000 16
114000 16
115000 16
116000 16
117000 16
118000 16
119000 16
120000 16
121000 16
122000 16
123000 16
124000 16
125000 16
126000 16
127000 16
128000 16
129000 16
130000 16
131000 16
132000 16
133000 16
134000 16
135000 16
136000 16
137000 16
138000 16
139000 16
140000 16
141000 16
142000 16
143000 16
144000 16
145000 16
146000 16
147000 16
148000 16
149000 16
150000 16
151000 16
152000 16
153000 16
154000 16
155000 16
156000 16
157000 16
158000 16
159000 16
160000 16
161000 16
162000 16
163000 16
164000 16
165000 16
166000 16
167000 16
168000 16
169000 16
170000 16
171000 16
172000 16
173000 16
174000 16
175000 16
176000 16
177000 16
178000 16
179000 16
180000 16
181000 16
182000 16
183000 16
184000 16
185000 16
186000 16
187000 16
188000 16
189000 16
190000 16
191000 16
192000 16
193000 16
194000 16
195000 16
196000 16
197000 16
198000 16
199000 16
200000 16
201000 16
202000 16
203000 16
204000 16
205000 16
206000 16
207000 16
208000 16
209000 16
210000 16
211000 16
212000 16
213000 16
214000 16
215000 16
216000 16
217000 16
218000 16
219000 16
220000 16
221000 16
222000 16
223000 16
224000 16
225000 16
226000 16
227000 16
228000 16
229000 16
230000 16
231000 16
232000 16
233000 16
234000 16
235000 16
236000 16
237000 16
238000 16
239000 16
240000 16
241000 16
242000 16
243000 16
244000 16
245000 16
246000 16
247000 16
248000 16
249000 16
250000 16
251000 16
252000 16
253000 16
254000 16
255000 16
256000 16
257000 16
258000 16
259000 16
260000 16
261000 16
262000 16
263000 16
264000 16
265000 16
266000 16
267000 16
268000 16
269000 16
270000 16
271000 16
272000 16
273000 16
274000 16
275000 16
276000 16
277000 16
278000 16
279000 16
280000 16
281000 16
282000 16
283000 16
284000 16
285000 16
286000 16
287000 16
288000 16
289000 16
290000 16
291000 16
292000 16
293000 16
294000 16
295000 16
296000 16
297000 16
298000 16
299000 16
300000 16
301000 16
302000 16
303000 16
304000 16
305000 16
306000 16
307000 16
308000 16
309000 16
310000 16
311000 16
312000 16
313000 16
314000 16
315000 16
316000 16
317000 16
318000 16
319000 16
320000 16
321000 16
322000 16
323000 16
324000 16
325000 16
326000 16
327000 16
328000 16
329000 16
330000 16
331000 16
332000 16
333000 16
334000 16
335000 16
336000 16
337000 16
338000 16
339000 16
340000 16
341000 16
342000 16
343000 16
344000 16
345000 16
346000 16
347000 16
348000 16
349000 16
350000 16
351000 16
352000 16
353000 16
354000 16
355000 17
356000 17
357000 17
358000 17
359000 17
360000 17
361000 17
362000 17
363000 17
364000 17
365000 17
366000 17
367000 17
368000 17
369000 17
370000 17
371000 17
372000 17
373000 17
374000 17
375000 17
376000 17
377000 17
378000 17
379000 17
380000 17
381000 17
382000 17
383000 17
384000 17
385000 17
386000 17
387000 17
388000 17
389000 17
390000 17
391000 17
392000 17
393000 17
394000 17
395000 17
396000 17
397000 17
398000 17
399000 17
400000 17
401000 17
402000 17
403000 17
404000 17
405000 17
406000 17
407000 17
408000 17
409000 17
410000 17
411000 17
412000 17
413000 17
414000 17
415000 17
416000 17
417000 17
418000 17
419000 17
420000 17
421000 17
422000 17
423000 17
424000 17
425000 17
426000 17
427000 17
428000 17
429000 17
430000 17
431000 17
432000 17
433000 17
434000 17
435000 17
436000 17
437000 17
438000 17
439000 17
440000 17
441000 17
442000 17
443000 17
444000 17
445000 17
446000 17
447000 17
448000 17
449000 17
450000 17
451000 17
452000 17
453000 17
454000 17
455000 17
456000 17
457000 17
458000 17
459000 17
460000 17
461000 17
462000 17
463000 17
464000 17
465000 17
466000 17
467000 17
468000 17
469000 17
470000 17
471000 17
472000 17
473000 17
474000 17
475000 17
476000 17
477000 17
478000 17
479000 17
480000 17
481000 17
482000 17
483000 17
484000 17
485000 17
486000 17
487000 17
488000 17
489000 17
490000 17
491000 17
492000 17
493000 17
494000 17
495000 17
496000 17
497000 17
498000 17
499000 17
500000 17
501000 17
502000 17
503000 17
504000 17
505000 17
506000 17
507000 17
508000 17
509000 17
510000 17
511000 17
512000 17
513000 17
514000 17
515000 17
516000 17
517000 17
518000 17
519000 17
520000 17
521000 17
522000 17
523000 17
524000 17
525000 17
526000 17
527000 17
528000 17
529000 17
530000 17
531000 17
532000 17
533000 17
534000 17
535000 17
536000 17
537000 17
538000 17
539000 17
540000 17
541000 17
542000 17
543000 17
544000 17
545000 17
546000 17
547000 17
548000 17
549000 17
550000 17
551000 17
552000 17
553000 17
554000 17
555000 17
556000 17
557000 17
558000 17
559000 17
560000 17
561000 17
562000 17
563000 17
564000 17
565000 17
566000 17
567000 17
568000 17
569000 17
570000 17
571000 17
572000 17
573000 17
574000 17
575000 17
576000 17
577000 17
578000 17
579000 17
580000 17
581000 17
582000 17
583000 17
584000 17
585000 17
586000 17
587000 17
588000 17
589000 17
590000 17
591000 17
592000 17
593000 17
594000 17
595000 17
596000 17
597000 17
598000 17
599000 17
600000 17
601000 17
602000 17
603000 17
604000 17
605000 17
606000 17
607000 17
608000 17
609000 17
610000 17
611000 17
612000 17
613000 17
614000 17
615000 17
616000 17
617000 17
618000 17
619000 17
620000 17
621000 17
622000 17
623000 17
624000 17
625000 17
626000 17
627000 17
628000 17
629000 17
630000 17
631000 17
632000 17
633000 17
634000 17
635000 17
636000 17
637000 17
638000 17
639000 17
640000 17
641000 17
642000 17
643000 17
644000 17
645000 17
646000 17
647000 17
648000 17
649000 17
650000 17
651000 17
652000 17
653000 17
654000 17
655000 17
656000 17
657000 17
658000 17
659000 17
660000 17
661000 17
662000 17
663000 17
664000 17
665000 17
666000 17
667000 17
668000 17
669000 17
670000 17
671000 17
672000 17
673000 17
674000 17
675000 17
676000 17
677000 17
678000 17
679000 17
680000 17
681000 17
682000 17
683000 17
684000 17
685000 17
686000 17
687000 17
688000 17
689000 17
690000 17
691000 17
692000 17
693000 17
694000 17
695000 17
696000 17
697000 17
698000 17
699000 17
700000 17
701000 17
702000 17
703000 17
704000 17
705000 17
706000 17
707000 17
708000 17
709000 17
710000 17
711000 17
712000 17
713000 17
714000 17
715000 17
716000 17
717000 17
718000 17
719000 17
720000 17
721000 17
722000 17
723000 17
724000 17
725000 17
726000 17
727000 17
728000 17
729000 17
730000 17
731000 17
732000 17
733000 17
734000 17
735000 17
736000 17
737000 17
738000 17
739000 17
740000 17
741000 17
742000 17
743000 17
744000 17
745000 17
746000 17
747000 17
748000 17
749000 17
750000 17
751000 17
752000 17
753000 17
754000 17
755000 17
756000 17
757000 17
758000 17
759000 17
760000 17
761000 17
762000 17
763000 17
764000 17
765000 17
766000 17
767000 17
768000 17
769000 17
770000 17
771000 17
772000 17
773000 17
774000 17
775000 17
776000 17
777000 17
778000 17
779000 17
780000 17
781000 17
782000 17
783000 17
784000 17
785000 17
786000 17
787000 17
788000 17
789000 17
790000 17
791000 17
792000 17
793000 17
794000 17
795000 17
796000 17
797000 17
798000 17
799000 17
800000 17
801000 17
802000 17
803000 17
804000 17
805000 17
806000 17
807000 17
808000 17
809000 17
810000 17
811000 17
812000 17
813000 17
814000 17
815000 17
816000 17
817000 17
818000 17
819000 17
820000 17
821000 17
822000 17
823000 17
824000 17
825000 17
826000 17
827000 17
828000 17
829000 17
830000 17
831000 17
832000 17
833000 17
834000 17
835000 17
836000 17
837000 17
838000 17
839000 17
840000 17
841000 17
842000 17
843000 17
844000 17
845000 17
846000 17
847000 17
848000 17
849000 17
850000 17
851000 17
852000 17
853000 17
854000 17
855000 17
856000 17
857000 17
858000 17
859000 17
860000 17
861000 17
862000 17
863000 17
864000 17
865000 17
866000 17
867000 17
868000 17
869000 17
870000 17
871000 17
872000 17
873000 17
874000 17
875000 17
876000 17
877000 17
878000 17
879000 17
880000 17
881000 17
882000 17
883000 17
884000 17
885000 17
886000 17
887000 17
888000 17
889000 17
890000 17
891000 17
892000 17
893000 17
894000 17
895000 17
896000 17
897000 17
898000 17
899000 17
900000 17
901000 17
902000 17
903000 17
904000 17
905000 17
