0 2
1000 10
2000 10
3000 11
4000 11
5000 11
6000 11
7000 11
8000 11
9000 11
10000 11
11000 12
12000 12
13000 12
14000 12
15000 12
16000 12
17000 12
18000 12
19000 12
20000 12
21000 12
22000 12
23000 12
24000 12
25000 12
26000 12
27000 12
28000 12
29000 12
30000 13
31000 13
32000 13
33000 13
34000 13
35000 13
36000 13
37000 13
38000 13
39000 13
40000 13
41000 13
42000 13
43000 13
44000 13
45000 13
46000 13
47000 13
48000 13
49000 13
50000 13
51000 13
52000 13
53000 13
54000 13
55000 13
56000 13
57000 13
58000 13
59000 13
60000 13
61000 13
62000 13
63000 13
64000 13
65000 13
66000 13
67000 13
68000 13
69000 13
70000 13
71000 13
72000 13
73000 13
74000 13
75000 13
76000 13
77000 13
78000 13
79000 13
80000 13
81000 13
82000 13
83000 13
84000 13
85000 13
86000 13
87000 13
88000 13
89000 13
90000 13
91000 13
92000 13
93000 13
94000 13
95000 14
96000 14
97000 14
98000 14
99000 14
100000 14
101000 14
102000 14
103000 14
104000 14
105000 14
106000 14
107000 14
108000 14
109000 14
110000 14
111000 14
112000 14
113000 14
114000 14
115000 14
116000 14
117000 14
118000 14
119000 14
120000 14
121000 14
122000 14
123000 14
124000 14
125000 14
126000 14
127000 14
128000 14
129000 14
130000 14
131000 14
132000 14
133000 14
134000 14
135000 14
136000 14
137000 14
138000 14
139000 14
140000 14
141000 14
142000 14
143000 14
144000 14
145000 14
146000 14
147000 14
148000 14
149000 14
150000 14
151000 14
152000 14
153000 14
154000 14
155000 14
156000 14
157000 14
158000 14
159000 14
160000 14
161000 14
162000 14
163000 14
164000 14
165000 14
166000 14
167000 14
168000 14
169000 14
170000 14
171000 14
172000 14
173000 14
174000 14
175000 14
176000 14
177000 14
178000 14
179000 14
180000 14
181000 14
182000 14
183000 14
184000 14
185000 14
186000 14
187000 14
188000 14
189000 14
190000 14
191000 14
192000 14
193000 14
194000 14
195000 14
196000 14
197000 14
198000 14
199000 14
200000 14
201000 14
202000 14
203000 14
204000 14
205000 14
206000 14
207000 14
208000 14
209000 14
210000 14
211000 14
212000 14
213000 14
214000 14
215000 14
216000 14
217000 14
218000 14
219000 14
220000 14
221000 14
222000 14
223000 14
224000 14
225000 14
226000 14
227000 14
228000 14
229000 14
230000 14
231000 14
232000 14
233000 14
234000 14
235000 14
236000 14
237000 14
238000 14
239000 14
240000 14
241000 14
242000 14
243000 14
244000 14
245000 14
246000 14
247000 14
248000 14
249000 14
250000 14
251000 14
252000 14
253000 14
254000 14
255000 14
256000 14
257000 14
258000 14
259000 14
260000 14
261000 14
262000 14
263000 14
264000 14
265000 14
266000 14
267000 14
268000 14
269000 14
270000 14
271000 14
272000 14
273000 14
274000 14
275000 14
276000 14
277000 14
278000 14
279000 14
280000 14
281000 14
282000 14
283000 14
284000 14
285000 14
286000 14
287000 14
288000 14
289000 14
290000 14
291000 14
292000 14
293000 14
294000 14
295000 14
296000 14
297000 14
298000 14
299000 14
300000 14
301000 14
302000 14
303000 14
304000 14
305000 14
306000 14
307000 14
308000 14
309000 14
310000 14
311000 14
312000 14
313000 14
314000 14
315000 14
316000 14
317000 14
318000 14
319000 14
320000 14
321000 14
322000 14
323000 14
324000 14
325000 14
326000 14
327000 14
328000 14
329000 14
330000 14
331000 14
332000 14
333000 14
334000 14
335000 14
336000 14
337000 14
338000 14
339000 14
340000 14
341000 14
342000 14
343000 14
344000 14
345000 14
346000 14
347000 14
348000 14
349000 14
350000 14
351000 14
352000 14
353000 14
354000 14
355000 14
356000 14
357000 14
358000 14
359000 14
360000 14
361000 14
362000 14
363000 14
364000 14
365000 14
366000 14
367000 14
368000 14
369000 14
370000 14
371000 14
372000 14
373000 14
374000 14
375000 14
376000 15
377000 15
378000 15
379000 15
380000 15
381000 15
382000 15
383000 15
384000 15
385000 15
386000 15
387000 15
388000 15
389000 15
390000 15
391000 15
392000 15
393000 15
394000 15
395000 15
396000 15
397000 15
398000 15
399000 15
400000 15
401000 15
402000 15
403000 15
404000 15
405000 15
406000 15
407000 15
408000 15
409000 15
410000 15
411000 15
412000 15
413000 15
414000 15
415000 15
416000 15
417000 15
418000 15
419000 15
420000 15
421000 15
422000 15
423000 15
424000 15
425000 15
426000 15
427000 15
428000 15
429000 15
430000 15
431000 15
432000 15
433000 15
434000 15
435000 15
436000 15
437000 15
438000 15
439000 15
440000 15
441000 15
442000 15
443000 15
444000 15
445000 15
446000 15
447000 15
448000 15
449000 15
450000 15
451000 15
452000 15
453000 15
454000 15
455000 15
456000 15
457000 15
458000 15
459000 15
460000 15
461000 15
462000 15
463000 15
464000 15
465000 15
466000 15
467000 15
468000 15
469000 15
470000 15
471000 15
472000 15
473000 15
474000 15
475000 15
476000 15
477000 15
478000 15
479000 15
480000 15
481000 15
482000 15
483000 15
484000 15
485000 15
486000 15
487000 15
488000 15
489000 15
490000 15
491000 15
492000 15
493000 15
494000 15
495000 15
496000 15
497000 15
498000 15
499000 15
500000 15
501000 15
502000 15
503000 15
504000 15
505000 15
506000 15
507000 15
508000 15
509000 15
510000 15
511000 15
512000 15
513000 15
514000 15
515000 15
516000 15
517000 15
518000 15
519000 15
520000 15
521000 15
522000 15
523000 15
524000 15
525000 15
526000 15
527000 15
528000 15
529000 15
530000 15
531000 15
532000 15
533000 15
534000 15
535000 15
536000 15
537000 15
538000 15
539000 15
540000 15
541000 15
542000 15
543000 15
544000 15
545000 15
546000 15
547000 15
548000 15
549000 15
550000 15
551000 15
552000 15
553000 15
554000 15
555000 15
556000 15
557000 15
558000 15
559000 15
560000 15
561000 15
562000 15
563000 15
564000 15
565000 15
566000 15
567000 15
568000 15
569000 15
570000 15
571000 15
572000 15
573000 15
574000 15
575000 15
576000 15
577000 15
578000 15
579000 15
580000 15
581000 15
582000 15
583000 15
584000 15
585000 15
586000 15
587000 15
588000 15
589000 15
590000 15
591000 15
592000 15
593000 15
594000 15
595000 15
596000 15
597000 15
598000 15
599000 15
600000 15
601000 15
602000 15
603000 15
604000 15
605000 15
606000 15
607000 15
608000 15
609000 15
610000 15
611000 15
612000 15
613000 15
614000 15
615000 15
616000 15
617000 15
618000 15
619000 15
620000 15
621000 15
622000 15
623000 15
624000 15
625000 15
626000 15
627000 15
628000 15
629000 15
630000 15
631000 15
632000 15
633000 15
634000 15
635000 15
636000 15
637000 15
638000 15
639000 15
640000 15
641000 15
642000 15
643000 15
644000 15
645000 15
646000 15
647000 15
648000 15
649000 15
650000 15
651000 15
652000 15
653000 15
654000 15
655000 15
656000 15
657000 15
658000 15
659000 15
660000 15
661000 15
662000 15
663000 15
664000 15
665000 15
666000 15
667000 15
668000 15
669000 15
670000 15
671000 15
672000 15
673000 15
674000 15
675000 15
676000 15
677000 15
678000 15
679000 15
680000 15
681000 15
682000 15
683000 15
684000 15
685000 15
686000 15
687000 15
688000 15
689000 15
690000 15
691000 15
692000 15
693000 15
694000 15
695000 15
696000 15
697000 15
698000 15
699000 15
700000 15
701000 15
702000 15
703000 15
704000 15
705000 15
706000 15
707000 15
708000 15
709000 15
710000 15
711000 15
712000 15
713000 15
714000 15
715000 15
716000 15
717000 15
718000 15
719000 15
720000 15
721000 15
722000 15
723000 15
724000 15
725000 15
726000 15
727000 15
728000 15
729000 15
730000 15
731000 15
732000 15
733000 15
734000 15
735000 15
736000 15
737000 15
738000 15
739000 15
740000 15
741000 15
742000 15
743000 15
744000 15
745000 15
746000 15
747000 15
748000 15
749000 15
750000 15
751000 15
752000 15
753000 15
754000 15
755000 15
756000 15
757000 15
758000 15
759000 15
760000 15
761000 15
762000 15
763000 15
764000 15
765000 15
766000 15
767000 15
768000 15
769000 15
770000 15
771000 15
772000 15
773000 15
774000 15
775000 15
776000 15
777000 15
778000 15
779000 15
780000 15
781000 15
782000 15
783000 15
784000 15
785000 15
786000 15
787000 15
788000 15
789000 15
790000 15
791000 15
792000 15
793000 15
794000 15
795000 15
796000 15
797000 15
798000 15
799000 15
800000 15
801000 15
802000 15
803000 15
804000 15
805000 15
806000 15
807000 15
808000 15
809000 15
810000 15
811000 15
812000 15
813000 15
814000 15
815000 15
816000 15
817000 15
818000 15
819000 15
820000 15
821000 15
822000 15
823000 15
824000 15
825000 15
826000 15
827000 15
828000 15
829000 15
830000 15
831000 15
832000 15
833000 15
834000 15
835000 15
836000 15
837000 15
838000 15
839000 15
840000 15
841000 15
842000 15
843000 15
844000 15
845000 15
846000 15
847000 15
848000 15
849000 15
850000 15
851000 15
852000 15
853000 15
854000 15
855000 15
856000 15
857000 15
858000 15
859000 15
860000 15
861000 15
862000 15
863000 15
864000 15
865000 15
866000 15
867000 15
868000 15
869000 15
870000 15
871000 15
872000 15
873000 15
874000 15
875000 15
876000 15
877000 15
878000 15
879000 15
880000 15
881000 15
882000 15
883000 15
884000 15
885000 15
886000 15
887000 15
888000 15
889000 15
890000 15
891000 15
892000 15
893000 15
894000 15
895000 15
896000 15
897000 15
898000 15
899000 15
900000 15
901000 15
902000 15
903000 15
904000 15
905000 15
