0 2
1000 20
2000 26
3000 26
4000 26
5000 26
6000 26
7000 29
8000 29
9000 29
10000 29
11000 29
12000 29
13000 29
14000 29
15000 29
16000 29
17000 29
18000 29
19000 29
20000 29
21000 29
22000 29
23000 29
24000 29
25000 29
26000 29
27000 29
28000 29
29000 29
30000 29
31000 30
32000 30
33000 30
34000 30
35000 30
36000 30
37000 30
38000 30
39000 30
40000 30
41000 30
42000 30
43000 30
44000 30
45000 30
46000 30
47000 30
48000 30
49000 30
50000 30
51000 30
52000 30
53000 30
54000 30
55000 30
56000 30
57000 30
58000 30
59000 30
60000 30
61000 30
62000 30
63000 30
64000 30
65000 30
66000 30
67000 30
68000 30
69000 31
70000 31
71000 31
72000 31
73000 31
74000 31
75000 31
76000 31
77000 31
78000 31
79000 31
80000 31
81000 31
82000 31
83000 31
84000 31
85000 31
86000 31
87000 31
88000 31
89000 31
90000 31
91000 31
92000 31
93000 31
94000 31
95000 31
96000 31
97000 31
98000 31
99000 31
100000 31
101000 31
102000 31
103000 31
104000 31
105000 31
106000 31
107000 31
108000 31
109000 31
110000 33
111000 33
112000 33
113000 33
114000 33
115000 33
116000 33
117000 33
118000 33
119000 33
120000 33
121000 33
122000 33
123000 33
124000 33
125000 33
126000 33
127000 33
128000 33
129000 33
130000 33
131000 33
132000 33
133000 33
134000 33
135000 33
136000 33
137000 33
138000 33
139000 33
140000 33
141000 34
142000 34
143000 34
144000 34
145000 34
146000 34
147000 34
148000 34
149000 34
150000 34
151000 34
152000 34
153000 34
154000 34
155000 34
156000 34
157000 34
158000 34
159000 34
160000 34
161000 34
162000 34
163000 34
164000 34
165000 34
166000 34
167000 34
168000 34
169000 34
170000 34
171000 34
172000 34
173000 34
174000 34
175000 34
176000 34
177000 34
178000 34
179000 34
180000 34
181000 34
182000 34
183000 34
184000 34
185000 34
186000 34
187000 34
188000 34
189000 34
190000 34
191000 34
192000 34
193000 34
194000 34
195000 34
196000 34
197000 34
198000 34
199000 34
200000 34
201000 34
202000 34
203000 34
204000 34
205000 34
206000 34
207000 34
208000 34
209000 34
210000 34
211000 34
212000 34
213000 34
214000 34
215000 34
216000 34
217000 34
218000 34
219000 34
220000 34
221000 34
222000 34
223000 34
224000 34
225000 34
226000 34
227000 34
228000 34
229000 34
230000 34
231000 34
232000 34
233000 34
234000 34
235000 34
236000 34
237000 34
238000 34
239000 34
240000 34
241000 34
242000 34
243000 34
244000 34
245000 34
246000 34
247000 34
248000 34
249000 34
250000 34
251000 34
252000 34
253000 34
254000 34
255000 34
256000 34
257000 34
258000 34
259000 34
260000 34
261000 34
262000 34
263000 34
264000 34
265000 34
266000 34
267000 34
268000 34
269000 34
270000 34
271000 34
272000 34
273000 34
274000 34
275000 34
276000 34
277000 34
278000 34
279000 34
280000 34
281000 34
282000 34
283000 34
284000 34
285000 34
286000 34
287000 34
288000 34
289000 34
290000 34
291000 34
292000 34
293000 34
294000 34
295000 34
296000 34
297000 34
298000 34
299000 34
300000 34
301000 34
302000 34
303000 34
304000 34
305000 34
306000 34
307000 34
308000 34
309000 34
310000 34
311000 34
312000 34
313000 34
314000 34
315000 34
316000 34
317000 34
318000 34
319000 34
320000 34
321000 34
322000 34
323000 34
324000 34
325000 34
326000 34
327000 34
328000 34
329000 34
330000 34
331000 34
332000 34
333000 34
334000 34
335000 34
336000 34
337000 34
338000 34
339000 34
340000 34
341000 34
342000 34
343000 34
344000 34
345000 34
346000 34
347000 34
348000 34
349000 34
350000 34
351000 34
352000 34
353000 34
354000 34
355000 34
356000 34
357000 34
358000 34
359000 34
360000 34
361000 34
362000 34
363000 34
364000 34
365000 34
366000 34
367000 34
368000 34
369000 34
370000 34
371000 34
372000 34
373000 34
374000 34
375000 34
376000 34
377000 34
378000 34
379000 34
380000 34
381000 34
382000 34
383000 34
384000 34
385000 34
386000 34
387000 34
388000 34
389000 34
390000 34
391000 34
392000 34
393000 34
394000 34
395000 34
396000 34
397000 34
398000 34
399000 34
400000 34
401000 34
402000 34
403000 34
404000 34
405000 34
406000 34
407000 34
408000 34
409000 34
410000 34
411000 34
412000 34
413000 34
414000 34
415000 34
416000 34
417000 34
418000 34
419000 34
420000 34
421000 34
422000 34
423000 34
424000 34
425000 34
426000 34
427000 34
428000 34
429000 34
430000 34
431000 34
432000 34
433000 34
434000 34
435000 34
436000 34
437000 34
438000 34
439000 34
440000 34
441000 34
442000 34
443000 34
444000 34
445000 34
446000 34
447000 34
448000 34
449000 34
450000 34
451000 34
452000 34
453000 34
454000 34
455000 34
456000 34
457000 34
458000 34
459000 34
460000 34
461000 34
462000 34
463000 34
464000 34
465000 34
466000 34
467000 34
468000 34
469000 34
470000 34
471000 35
472000 35
473000 35
474000 35
475000 35
476000 35
477000 35
478000 35
479000 35
480000 35
481000 35
482000 35
483000 35
484000 35
485000 35
486000 35
487000 35
488000 35
489000 35
490000 35
491000 35
492000 35
493000 35
494000 35
495000 35
496000 35
497000 35
498000 35
499000 35
500000 35
501000 35
502000 35
503000 35
504000 35
505000 35
506000 35
507000 35
508000 35
509000 35
510000 35
511000 35
512000 35
513000 35
514000 35
515000 35
516000 35
517000 35
518000 35
519000 35
520000 35
521000 35
522000 35
523000 35
524000 35
525000 35
526000 35
527000 35
528000 35
529000 35
530000 35
531000 35
532000 35
533000 35
534000 35
535000 35
536000 35
537000 35
538000 35
539000 35
540000 35
541000 35
542000 35
543000 35
544000 35
545000 35
546000 37
547000 37
548000 37
549000 37
550000 37
551000 37
552000 37
553000 37
554000 37
555000 37
556000 37
557000 37
558000 37
559000 37
560000 37
561000 37
562000 37
563000 37
564000 37
565000 37
566000 37
567000 37
568000 37
569000 37
570000 37
571000 37
572000 37
573000 37
574000 37
575000 37
576000 37
577000 37
578000 37
579000 37
580000 37
581000 37
582000 37
583000 37
584000 37
585000 37
586000 37
587000 37
588000 37
589000 37
590000 37
591000 37
592000 37
593000 37
594000 37
595000 37
596000 37
597000 37
598000 37
599000 37
600000 37
601000 37
602000 37
603000 37
604000 37
605000 37
606000 37
607000 37
608000 37
609000 37
610000 37
611000 37
612000 37
613000 37
614000 37
615000 37
616000 37
617000 37
618000 37
619000 37
620000 37
621000 37
622000 37
623000 37
624000 37
625000 37
626000 37
627000 37
628000 37
629000 37
630000 37
631000 37
632000 37
633000 37
634000 37
635000 37
636000 37
637000 37
638000 37
639000 37
640000 37
641000 37
642000 37
643000 37
644000 37
645000 37
646000 37
647000 37
648000 37
649000 37
650000 37
651000 37
652000 37
653000 37
654000 37
655000 37
656000 37
657000 37
658000 37
659000 37
660000 37
661000 37
662000 37
663000 37
664000 37
665000 37
666000 37
667000 37
668000 37
669000 37
670000 37
671000 37
672000 37
673000 37
674000 37
675000 37
676000 37
677000 37
678000 37
679000 37
680000 37
681000 37
682000 37
683000 37
684000 37
685000 37
686000 37
687000 37
688000 37
689000 37
690000 37
691000 37
692000 37
693000 37
694000 37
695000 37
696000 37
697000 37
698000 37
699000 37
700000 37
701000 37
702000 37
703000 37
704000 37
705000 37
706000 37
707000 37
708000 37
709000 37
710000 37
711000 37
712000 37
713000 37
714000 37
715000 37
716000 37
717000 37
718000 37
719000 37
720000 37
721000 37
722000 37
723000 37
724000 37
725000 37
726000 37
727000 37
728000 37
729000 37
730000 37
731000 37
732000 37
733000 37
734000 37
735000 37
736000 37
737000 37
738000 37
739000 37
740000 37
741000 37
742000 37
743000 37
744000 37
745000 37
746000 37
747000 37
748000 37
749000 37
750000 37
751000 37
752000 37
753000 37
754000 37
755000 37
756000 37
757000 37
758000 37
759000 37
760000 37
761000 37
762000 37
763000 37
764000 37
765000 37
766000 37
767000 37
768000 37
769000 37
770000 37
771000 37
772000 37
773000 37
774000 37
775000 37
776000 37
777000 37
778000 37
779000 37
780000 37
781000 37
782000 37
783000 37
784000 37
785000 37
786000 37
787000 37
788000 37
789000 37
790000 37
791000 37
792000 37
793000 37
794000 37
795000 37
796000 37
797000 37
798000 37
799000 37
800000 37
801000 37
802000 37
803000 37
804000 37
805000 37
806000 37
807000 37
808000 37
809000 37
810000 37
811000 37
812000 37
813000 37
814000 37
815000 37
816000 37
817000 37
818000 37
819000 37
820000 37
821000 37
822000 37
823000 37
824000 37
825000 37
826000 37
827000 37
828000 37
829000 37
830000 37
831000 37
832000 37
833000 37
834000 37
835000 37
836000 37
837000 37
838000 37
839000 37
840000 37
841000 37
842000 37
843000 37
844000 37
845000 37
846000 37
847000 37
848000 37
849000 37
850000 37
851000 37
852000 37
853000 37
854000 37
855000 37
856000 37
857000 37
858000 37
859000 37
860000 37
861000 37
862000 37
863000 37
864000 37
865000 37
866000 37
867000 37
868000 37
869000 37
870000 37
871000 37
872000 37
873000 37
874000 37
875000 37
876000 37
877000 37
878000 37
879000 37
880000 37
881000 37
882000 37
883000 37
884000 37
885000 37
886000 37
887000 37
888000 37
889000 37
890000 37
891000 37
892000 37
893000 37
894000 37
895000 37
896000 37
897000 37
898000 37
899000 37
900000 37
901000 37
902000 37
903000 37
904000 37
905000 37
