0 2
1000 20
2000 20
3000 20
4000 20
5000 19
6000 21
7000 21
8000 21
9000 21
10000 22
11000 22
12000 22
13000 22
14000 22
15000 22
16000 22
17000 22
18000 22
19000 22
20000 22
21000 22
22000 22
23000 22
24000 22
25000 22
26000 22
27000 22
28000 22
29000 23
30000 23
31000 26
32000 26
33000 26
34000 26
35000 26
36000 26
37000 26
38000 26
39000 26
40000 26
41000 26
42000 26
43000 26
44000 26
45000 26
46000 26
47000 26
48000 26
49000 26
50000 26
51000 26
52000 26
53000 26
54000 26
55000 26
56000 26
57000 26
58000 26
59000 26
60000 26
61000 26
62000 26
63000 26
64000 26
65000 26
66000 26
67000 26
68000 26
69000 26
70000 26
71000 26
72000 26
73000 26
74000 26
75000 26
76000 26
77000 26
78000 26
79000 26
80000 26
81000 26
82000 26
83000 26
84000 26
85000 26
86000 26
87000 26
88000 26
89000 26
90000 26
91000 26
92000 26
93000 26
94000 26
95000 27
96000 27
97000 27
98000 27
99000 27
100000 27
101000 27
102000 27
103000 27
104000 27
105000 27
106000 27
107000 27
108000 27
109000 27
110000 27
111000 28
112000 28
113000 28
114000 28
115000 28
116000 28
117000 28
118000 28
119000 28
120000 28
121000 28
122000 28
123000 28
124000 28
125000 28
126000 28
127000 28
128000 28
129000 28
130000 28
131000 28
132000 28
133000 28
134000 28
135000 28
136000 28
137000 28
138000 28
139000 28
140000 28
141000 28
142000 28
143000 28
144000 28
145000 28
146000 28
147000 28
148000 28
149000 28
150000 28
151000 28
152000 28
153000 28
154000 28
155000 28
156000 28
157000 28
158000 28
159000 28
160000 28
161000 28
162000 28
163000 29
164000 29
165000 29
166000 29
167000 29
168000 29
169000 29
170000 29
171000 29
172000 29
173000 29
174000 29
175000 29
176000 29
177000 29
178000 29
179000 29
180000 29
181000 29
182000 29
183000 29
184000 29
185000 29
186000 29
187000 29
188000 29
189000 29
190000 29
191000 29
192000 29
193000 29
194000 29
195000 29
196000 29
197000 29
198000 29
199000 29
200000 29
201000 29
202000 29
203000 29
204000 29
205000 29
206000 29
207000 29
208000 29
209000 29
210000 29
211000 29
212000 29
213000 29
214000 29
215000 29
216000 29
217000 29
218000 29
219000 29
220000 29
221000 29
222000 29
223000 29
224000 29
225000 29
226000 29
227000 29
228000 29
229000 29
230000 29
231000 29
232000 29
233000 29
234000 29
235000 29
236000 29
237000 29
238000 29
239000 29
240000 29
241000 29
242000 29
243000 29
244000 29
245000 29
246000 29
247000 29
248000 29
249000 29
250000 29
251000 29
252000 29
253000 29
254000 29
255000 29
256000 29
257000 29
258000 29
259000 29
260000 29
261000 29
262000 29
263000 29
264000 29
265000 29
266000 29
267000 29
268000 29
269000 29
270000 29
271000 29
272000 29
273000 29
274000 29
275000 29
276000 29
277000 29
278000 29
279000 29
280000 29
281000 29
282000 29
283000 29
284000 29
285000 29
286000 29
287000 29
288000 29
289000 29
290000 29
291000 29
292000 29
293000 29
294000 29
295000 29
296000 29
297000 29
298000 29
299000 29
300000 29
301000 29
302000 29
303000 29
304000 29
305000 29
306000 29
307000 29
308000 29
309000 29
310000 29
311000 29
312000 29
313000 29
314000 29
315000 29
316000 29
317000 29
318000 29
319000 29
320000 29
321000 29
322000 29
323000 29
324000 29
325000 29
326000 29
327000 29
328000 29
329000 29
330000 29
331000 29
332000 29
333000 29
334000 29
335000 29
336000 29
337000 29
338000 29
339000 29
340000 29
341000 29
342000 29
343000 29
344000 29
345000 29
346000 29
347000 29
348000 29
349000 29
350000 29
351000 29
352000 29
353000 29
354000 29
355000 29
356000 29
357000 29
358000 29
359000 29
360000 29
361000 29
362000 29
363000 29
364000 29
365000 29
366000 29
367000 29
368000 29
369000 29
370000 29
371000 29
372000 29
373000 29
374000 29
375000 30
376000 30
377000 30
378000 30
379000 30
380000 30
381000 30
382000 30
383000 30
384000 30
385000 30
386000 30
387000 30
388000 30
389000 30
390000 30
391000 30
392000 30
393000 30
394000 30
395000 30
396000 30
397000 30
398000 30
399000 30
400000 30
401000 30
402000 30
403000 30
404000 30
405000 30
406000 30
407000 30
408000 30
409000 30
410000 30
411000 30
412000 30
413000 30
414000 30
415000 30
416000 30
417000 30
418000 30
419000 30
420000 30
421000 30
422000 30
423000 30
424000 30
425000 30
426000 30
427000 30
428000 30
429000 30
430000 30
431000 30
432000 30
433000 30
434000 30
435000 30
436000 30
437000 30
438000 30
439000 30
440000 30
441000 30
442000 30
443000 30
444000 30
445000 30
446000 30
447000 30
448000 30
449000 30
450000 30
451000 30
452000 30
453000 30
454000 30
455000 30
456000 30
457000 30
458000 30
459000 30
460000 30
461000 30
462000 30
463000 30
464000 30
465000 30
466000 30
467000 30
468000 30
469000 30
470000 30
471000 30
472000 30
473000 30
474000 30
475000 30
476000 30
477000 30
478000 30
479000 30
480000 31
481000 31
482000 31
483000 31
484000 31
485000 31
486000 31
487000 31
488000 31
489000 31
490000 31
491000 31
492000 31
493000 31
494000 31
495000 31
496000 31
497000 31
498000 31
499000 31
500000 31
501000 31
502000 31
503000 31
504000 31
505000 31
506000 31
507000 31
508000 31
509000 31
510000 31
511000 31
512000 31
513000 31
514000 31
515000 31
516000 31
517000 31
518000 31
519000 31
520000 31
521000 31
522000 31
523000 31
524000 31
525000 31
526000 31
527000 31
528000 31
529000 31
530000 31
531000 31
532000 31
533000 31
534000 31
535000 31
536000 31
537000 31
538000 31
539000 31
540000 31
541000 31
542000 31
543000 31
544000 31
545000 31
546000 37
547000 37
548000 37
549000 37
550000 37
551000 37
552000 37
553000 37
554000 37
555000 37
556000 37
557000 37
558000 37
559000 37
560000 37
561000 37
562000 37
563000 37
564000 37
565000 37
566000 37
567000 37
568000 37
569000 37
570000 37
571000 37
572000 37
573000 37
574000 37
575000 37
576000 37
577000 37
578000 37
579000 37
580000 37
581000 37
582000 37
583000 37
584000 37
585000 37
586000 37
587000 37
588000 37
589000 37
590000 37
591000 37
592000 37
593000 37
594000 37
595000 37
596000 37
597000 37
598000 37
599000 37
600000 37
601000 37
602000 37
603000 37
604000 37
605000 37
606000 37
607000 37
608000 37
609000 37
610000 37
611000 37
612000 37
613000 37
614000 37
615000 37
616000 37
617000 37
618000 37
619000 37
620000 37
621000 37
622000 37
623000 37
624000 37
625000 37
626000 37
627000 37
628000 37
629000 37
630000 37
631000 37
632000 37
633000 37
634000 37
635000 37
636000 37
637000 37
638000 37
639000 37
640000 37
641000 37
642000 37
643000 37
644000 37
645000 37
646000 37
647000 37
648000 37
649000 37
650000 37
651000 37
652000 37
653000 37
654000 37
655000 37
656000 37
657000 37
658000 37
659000 37
660000 37
661000 37
662000 37
663000 37
664000 37
665000 37
666000 37
667000 37
668000 37
669000 37
670000 37
671000 37
672000 37
673000 37
674000 37
675000 37
676000 37
677000 37
678000 37
679000 37
680000 37
681000 37
682000 37
683000 37
684000 37
685000 37
686000 37
687000 37
688000 37
689000 37
690000 37
691000 37
692000 37
693000 37
694000 37
695000 37
696000 37
697000 37
698000 37
699000 37
700000 37
701000 37
702000 37
703000 37
704000 37
705000 37
706000 37
707000 37
708000 37
709000 37
710000 37
711000 37
712000 37
713000 37
714000 37
715000 37
716000 37
717000 37
718000 37
719000 37
720000 37
721000 37
722000 37
723000 37
724000 37
725000 37
726000 37
727000 37
728000 37
729000 37
730000 37
731000 37
732000 37
733000 37
734000 37
735000 37
736000 37
737000 37
738000 37
739000 37
740000 37
741000 37
742000 37
743000 37
744000 37
745000 37
746000 37
747000 37
748000 37
749000 37
750000 37
751000 37
752000 37
753000 37
754000 37
755000 37
756000 37
757000 37
758000 37
759000 37
760000 37
761000 37
762000 37
763000 37
764000 37
765000 37
766000 37
767000 37
768000 37
769000 37
770000 37
771000 37
772000 37
773000 37
774000 37
775000 37
776000 37
777000 37
778000 37
779000 37
780000 37
781000 37
782000 37
783000 37
784000 37
785000 37
786000 37
787000 37
788000 37
789000 37
790000 37
791000 37
792000 37
793000 37
794000 37
795000 37
796000 37
797000 37
798000 37
799000 37
800000 37
801000 37
802000 37
803000 37
804000 37
805000 37
806000 37
807000 37
808000 37
809000 37
810000 37
811000 37
812000 37
813000 37
814000 37
815000 37
816000 37
817000 37
818000 37
819000 37
820000 37
821000 37
822000 37
823000 37
824000 37
825000 38
826000 38
827000 38
828000 38
829000 38
830000 38
831000 38
832000 38
833000 38
834000 38
835000 38
836000 38
837000 38
838000 38
839000 38
840000 38
841000 38
842000 38
843000 38
844000 38
845000 38
846000 38
847000 38
848000 38
849000 38
850000 38
851000 38
852000 38
853000 38
854000 38
855000 38
856000 38
857000 38
858000 38
859000 38
860000 38
861000 38
862000 38
863000 38
864000 38
865000 38
866000 38
867000 38
868000 38
869000 38
870000 38
871000 38
872000 38
873000 38
874000 38
875000 38
876000 38
877000 38
878000 38
879000 38
880000 38
881000 38
882000 38
883000 38
884000 38
885000 38
886000 38
887000 38
888000 38
889000 38
890000 38
891000 38
892000 38
893000 38
894000 38
895000 38
896000 38
897000 38
898000 38
899000 38
900000 38
901000 38
902000 38
903000 38
904000 38
905000 38
